2.720926000000000000e+06,4.853000000000000000e+03
2.720946000000000000e+06,4.855000000000000000e+03
2.720966000000000000e+06,4.850000000000000000e+03
2.720986000000000000e+06,4.845000000000000000e+03
2.721006000000000000e+06,4.823000000000000000e+03
2.721026000000000000e+06,4.814000000000000000e+03
2.721046000000000000e+06,4.798000000000000000e+03
2.721066000000000000e+06,4.793000000000000000e+03
2.721086000000000000e+06,4.783000000000000000e+03
2.721106000000000000e+06,4.779000000000000000e+03
2.721126000000000000e+06,4.766000000000000000e+03
2.721146000000000000e+06,4.766000000000000000e+03
2.721166000000000000e+06,4.751000000000000000e+03
2.721186000000000000e+06,4.740000000000000000e+03
2.721206000000000000e+06,4.721000000000000000e+03
2.721226000000000000e+06,4.711000000000000000e+03
2.721273000000000000e+06,4.665000000000000000e+03
2.721280000000000000e+06,4.654000000000000000e+03
2.721300000000000000e+06,4.632000000000000000e+03
2.721320000000000000e+06,4.621000000000000000e+03
2.721340000000000000e+06,4.596000000000000000e+03
2.721360000000000000e+06,4.576000000000000000e+03
2.721380000000000000e+06,4.562000000000000000e+03
2.721400000000000000e+06,4.534000000000000000e+03
2.721420000000000000e+06,4.526000000000000000e+03
2.721440000000000000e+06,4.485000000000000000e+03
2.721460000000000000e+06,4.494000000000000000e+03
2.721480000000000000e+06,4.460000000000000000e+03
2.721500000000000000e+06,4.459000000000000000e+03
2.721520000000000000e+06,4.424000000000000000e+03
2.721540000000000000e+06,4.419000000000000000e+03
2.721560000000000000e+06,4.410000000000000000e+03
2.721580000000000000e+06,4.426000000000000000e+03
2.721600000000000000e+06,4.519000000000000000e+03
2.721620000000000000e+06,4.557000000000000000e+03
2.721640000000000000e+06,4.680000000000000000e+03
2.721660000000000000e+06,4.720000000000000000e+03
2.721680000000000000e+06,4.786000000000000000e+03
2.721700000000000000e+06,4.799000000000000000e+03
2.721720000000000000e+06,4.806000000000000000e+03
2.721740000000000000e+06,4.808000000000000000e+03
2.721760000000000000e+06,4.806000000000000000e+03
2.721780000000000000e+06,4.784000000000000000e+03
2.721800000000000000e+06,4.768000000000000000e+03
2.721820000000000000e+06,4.747000000000000000e+03
2.721840000000000000e+06,4.735000000000000000e+03
2.721860000000000000e+06,4.719000000000000000e+03
2.721880000000000000e+06,4.705000000000000000e+03
2.721900000000000000e+06,4.704000000000000000e+03
2.721920000000000000e+06,4.692000000000000000e+03
2.721940000000000000e+06,4.696000000000000000e+03
2.721960000000000000e+06,4.679000000000000000e+03
2.721980000000000000e+06,4.680000000000000000e+03
2.722000000000000000e+06,4.672000000000000000e+03
2.722020000000000000e+06,4.659000000000000000e+03
2.722040000000000000e+06,4.659000000000000000e+03
2.722060000000000000e+06,4.631000000000000000e+03
2.722080000000000000e+06,4.630000000000000000e+03
2.722100000000000000e+06,4.623000000000000000e+03
2.722120000000000000e+06,4.623000000000000000e+03
2.722140000000000000e+06,4.603000000000000000e+03
2.722160000000000000e+06,4.602000000000000000e+03
2.722180000000000000e+06,4.585000000000000000e+03
2.722200000000000000e+06,4.576000000000000000e+03
2.722220000000000000e+06,4.567000000000000000e+03
2.722240000000000000e+06,4.565000000000000000e+03
2.722260000000000000e+06,4.546000000000000000e+03
2.722280000000000000e+06,4.550000000000000000e+03
2.722300000000000000e+06,4.509000000000000000e+03
2.722320000000000000e+06,4.509000000000000000e+03
2.722340000000000000e+06,4.465000000000000000e+03
2.722360000000000000e+06,4.442000000000000000e+03
2.722380000000000000e+06,4.474000000000000000e+03
2.722400000000000000e+06,4.483000000000000000e+03
2.722420000000000000e+06,4.627000000000000000e+03
2.722440000000000000e+06,4.652000000000000000e+03
2.722460000000000000e+06,4.787000000000000000e+03
2.722480000000000000e+06,4.822000000000000000e+03
2.722500000000000000e+06,4.888000000000000000e+03
2.722520000000000000e+06,4.904000000000000000e+03
2.722540000000000000e+06,4.934000000000000000e+03
2.722560000000000000e+06,4.934000000000000000e+03
2.722580000000000000e+06,4.953000000000000000e+03
2.722600000000000000e+06,4.928000000000000000e+03
2.722620000000000000e+06,4.920000000000000000e+03
2.722640000000000000e+06,4.896000000000000000e+03
2.722660000000000000e+06,4.875000000000000000e+03
2.722680000000000000e+06,4.861000000000000000e+03
2.722700000000000000e+06,4.850000000000000000e+03
2.722720000000000000e+06,4.840000000000000000e+03
2.722740000000000000e+06,4.802000000000000000e+03
2.722760000000000000e+06,4.794000000000000000e+03
2.722780000000000000e+06,4.752000000000000000e+03
2.722800000000000000e+06,4.752000000000000000e+03
2.722820000000000000e+06,4.724000000000000000e+03
2.722840000000000000e+06,4.726000000000000000e+03
2.722860000000000000e+06,4.712000000000000000e+03
2.722880000000000000e+06,4.710000000000000000e+03
2.722900000000000000e+06,4.694000000000000000e+03
2.722920000000000000e+06,4.686000000000000000e+03
2.722940000000000000e+06,4.658000000000000000e+03
2.722960000000000000e+06,4.650000000000000000e+03
2.722980000000000000e+06,4.631000000000000000e+03
2.723000000000000000e+06,4.624000000000000000e+03
2.723020000000000000e+06,4.605000000000000000e+03
2.723040000000000000e+06,4.599000000000000000e+03
2.723060000000000000e+06,4.576000000000000000e+03
2.723080000000000000e+06,4.569000000000000000e+03
2.723100000000000000e+06,4.538000000000000000e+03
2.723120000000000000e+06,4.535000000000000000e+03
2.723140000000000000e+06,4.497000000000000000e+03
2.723160000000000000e+06,4.479000000000000000e+03
2.723180000000000000e+06,4.484000000000000000e+03
2.723200000000000000e+06,4.508000000000000000e+03
2.723220000000000000e+06,4.615000000000000000e+03
2.723240000000000000e+06,4.660000000000000000e+03
2.723287000000000000e+06,4.861000000000000000e+03
2.723294000000000000e+06,4.872000000000000000e+03
2.723314000000000000e+06,4.882000000000000000e+03
2.723334000000000000e+06,4.937000000000000000e+03
2.723354000000000000e+06,4.905000000000000000e+03
2.723374000000000000e+06,4.941000000000000000e+03
2.723394000000000000e+06,4.914000000000000000e+03
2.723414000000000000e+06,4.901000000000000000e+03
2.723434000000000000e+06,4.870000000000000000e+03
2.723454000000000000e+06,4.841000000000000000e+03
2.723474000000000000e+06,4.844000000000000000e+03
2.723494000000000000e+06,4.814000000000000000e+03
2.723514000000000000e+06,4.820000000000000000e+03
2.723534000000000000e+06,4.797000000000000000e+03
2.723554000000000000e+06,4.808000000000000000e+03
2.723574000000000000e+06,4.780000000000000000e+03
2.723594000000000000e+06,4.775000000000000000e+03
2.723614000000000000e+06,4.750000000000000000e+03
2.723634000000000000e+06,4.734000000000000000e+03
2.723654000000000000e+06,4.692000000000000000e+03
2.723674000000000000e+06,4.669000000000000000e+03
2.723694000000000000e+06,4.639000000000000000e+03
2.723714000000000000e+06,4.638000000000000000e+03
2.723734000000000000e+06,4.608000000000000000e+03
2.723754000000000000e+06,4.605000000000000000e+03
2.723774000000000000e+06,4.588000000000000000e+03
2.723794000000000000e+06,4.577000000000000000e+03
2.723814000000000000e+06,4.576000000000000000e+03
2.723834000000000000e+06,4.565000000000000000e+03
2.723854000000000000e+06,4.579000000000000000e+03
2.723874000000000000e+06,4.566000000000000000e+03
2.723894000000000000e+06,4.578000000000000000e+03
2.723914000000000000e+06,4.573000000000000000e+03
2.723934000000000000e+06,4.566000000000000000e+03
2.723954000000000000e+06,4.559000000000000000e+03
2.723974000000000000e+06,4.535000000000000000e+03
2.723994000000000000e+06,4.546000000000000000e+03
2.724014000000000000e+06,4.583000000000000000e+03
2.724034000000000000e+06,4.616000000000000000e+03
2.724054000000000000e+06,4.635000000000000000e+03
2.724074000000000000e+06,4.663000000000000000e+03
2.724094000000000000e+06,4.675000000000000000e+03
2.724114000000000000e+06,4.680000000000000000e+03
2.724134000000000000e+06,4.689000000000000000e+03
2.724154000000000000e+06,4.711000000000000000e+03
2.724174000000000000e+06,4.720000000000000000e+03
2.724194000000000000e+06,4.755000000000000000e+03
2.724214000000000000e+06,4.781000000000000000e+03
2.724234000000000000e+06,4.871000000000000000e+03
2.724254000000000000e+06,4.900000000000000000e+03
2.724274000000000000e+06,5.000000000000000000e+03
2.724294000000000000e+06,4.998000000000000000e+03
2.724314000000000000e+06,4.948000000000000000e+03
2.724334000000000000e+06,4.951000000000000000e+03
2.724354000000000000e+06,4.927000000000000000e+03
2.724374000000000000e+06,4.918000000000000000e+03
2.724394000000000000e+06,4.834000000000000000e+03
2.724414000000000000e+06,4.778000000000000000e+03
2.724434000000000000e+06,4.662000000000000000e+03
2.724454000000000000e+06,4.624000000000000000e+03
2.724474000000000000e+06,4.613000000000000000e+03
2.724494000000000000e+06,4.593000000000000000e+03
2.724514000000000000e+06,4.582000000000000000e+03
2.724534000000000000e+06,4.581000000000000000e+03
2.724554000000000000e+06,4.581000000000000000e+03
2.724574000000000000e+06,4.572000000000000000e+03
2.724594000000000000e+06,4.576000000000000000e+03
2.724614000000000000e+06,4.561000000000000000e+03
2.724634000000000000e+06,4.564000000000000000e+03
2.724654000000000000e+06,4.543000000000000000e+03
2.724674000000000000e+06,4.543000000000000000e+03
2.724694000000000000e+06,4.529000000000000000e+03
2.724714000000000000e+06,4.540000000000000000e+03
2.724734000000000000e+06,4.543000000000000000e+03
2.724754000000000000e+06,4.551000000000000000e+03
2.724774000000000000e+06,4.552000000000000000e+03
2.724794000000000000e+06,4.564000000000000000e+03
2.724814000000000000e+06,4.594000000000000000e+03
2.724834000000000000e+06,4.648000000000000000e+03
2.724854000000000000e+06,4.677000000000000000e+03
2.724874000000000000e+06,4.739000000000000000e+03
2.724894000000000000e+06,4.773000000000000000e+03
2.724914000000000000e+06,4.836000000000000000e+03
2.724934000000000000e+06,4.857000000000000000e+03
2.724954000000000000e+06,4.901000000000000000e+03
2.724974000000000000e+06,4.908000000000000000e+03
2.724994000000000000e+06,4.917000000000000000e+03
2.725014000000000000e+06,4.912000000000000000e+03
2.725034000000000000e+06,4.863000000000000000e+03
2.725054000000000000e+06,4.838000000000000000e+03
2.725074000000000000e+06,4.814000000000000000e+03
2.725094000000000000e+06,4.812000000000000000e+03
2.725114000000000000e+06,4.806000000000000000e+03
2.725134000000000000e+06,4.807000000000000000e+03
2.725154000000000000e+06,4.800000000000000000e+03
2.725174000000000000e+06,4.801000000000000000e+03
2.725194000000000000e+06,4.790000000000000000e+03
2.725214000000000000e+06,4.789000000000000000e+03
2.725234000000000000e+06,4.770000000000000000e+03
2.725254000000000000e+06,4.767000000000000000e+03
2.725302000000000000e+06,4.762000000000000000e+03
2.725308000000000000e+06,4.751000000000000000e+03
2.725328000000000000e+06,4.751000000000000000e+03
2.725348000000000000e+06,4.739000000000000000e+03
2.725368000000000000e+06,4.713000000000000000e+03
2.725388000000000000e+06,4.697000000000000000e+03
2.725408000000000000e+06,4.646000000000000000e+03
2.725428000000000000e+06,4.648000000000000000e+03
2.725448000000000000e+06,4.617000000000000000e+03
2.725468000000000000e+06,4.605000000000000000e+03
2.725488000000000000e+06,4.589000000000000000e+03
2.725508000000000000e+06,4.558000000000000000e+03
2.725528000000000000e+06,4.553000000000000000e+03
2.725548000000000000e+06,4.534000000000000000e+03
2.725568000000000000e+06,4.539000000000000000e+03
2.725588000000000000e+06,4.555000000000000000e+03
2.725608000000000000e+06,4.579000000000000000e+03
2.725628000000000000e+06,4.643000000000000000e+03
2.725648000000000000e+06,4.670000000000000000e+03
2.725668000000000000e+06,4.748000000000000000e+03
2.725688000000000000e+06,4.779000000000000000e+03
2.725708000000000000e+06,4.835000000000000000e+03
2.725728000000000000e+06,4.843000000000000000e+03
2.725748000000000000e+06,4.851000000000000000e+03
2.725768000000000000e+06,4.855000000000000000e+03
2.725788000000000000e+06,4.860000000000000000e+03
2.725808000000000000e+06,4.863000000000000000e+03
2.725828000000000000e+06,4.859000000000000000e+03
2.725848000000000000e+06,4.865000000000000000e+03
2.725868000000000000e+06,4.883000000000000000e+03
2.725888000000000000e+06,4.875000000000000000e+03
2.725908000000000000e+06,4.877000000000000000e+03
2.725928000000000000e+06,4.856000000000000000e+03
2.725948000000000000e+06,4.855000000000000000e+03
2.725968000000000000e+06,4.842000000000000000e+03
2.725988000000000000e+06,4.821000000000000000e+03
2.726008000000000000e+06,4.817000000000000000e+03
2.726028000000000000e+06,4.752000000000000000e+03
2.726048000000000000e+06,4.737000000000000000e+03
2.726068000000000000e+06,4.691000000000000000e+03
2.726088000000000000e+06,4.684000000000000000e+03
2.726108000000000000e+06,4.673000000000000000e+03
2.726128000000000000e+06,4.651000000000000000e+03
2.726148000000000000e+06,4.642000000000000000e+03
2.726168000000000000e+06,4.628000000000000000e+03
2.726188000000000000e+06,4.630000000000000000e+03
2.726208000000000000e+06,4.603000000000000000e+03
2.726228000000000000e+06,4.601000000000000000e+03
2.726248000000000000e+06,4.551000000000000000e+03
2.726268000000000000e+06,4.547000000000000000e+03
2.726288000000000000e+06,4.520000000000000000e+03
2.726308000000000000e+06,4.513000000000000000e+03
2.726328000000000000e+06,4.496000000000000000e+03
2.726348000000000000e+06,4.492000000000000000e+03
2.726368000000000000e+06,4.486000000000000000e+03
2.726388000000000000e+06,4.507000000000000000e+03
2.726408000000000000e+06,4.558000000000000000e+03
2.726428000000000000e+06,4.597000000000000000e+03
2.726448000000000000e+06,4.663000000000000000e+03
2.726468000000000000e+06,4.688000000000000000e+03
2.726488000000000000e+06,4.736000000000000000e+03
2.726508000000000000e+06,4.733000000000000000e+03
2.726528000000000000e+06,4.768000000000000000e+03
2.726548000000000000e+06,4.758000000000000000e+03
2.726568000000000000e+06,4.774000000000000000e+03
2.726588000000000000e+06,4.766000000000000000e+03
2.726608000000000000e+06,4.746000000000000000e+03
2.726628000000000000e+06,4.742000000000000000e+03
2.726648000000000000e+06,4.727000000000000000e+03
2.726668000000000000e+06,4.719000000000000000e+03
2.726688000000000000e+06,4.721000000000000000e+03
2.726708000000000000e+06,4.701000000000000000e+03
2.726728000000000000e+06,4.708000000000000000e+03
2.726748000000000000e+06,4.683000000000000000e+03
2.726768000000000000e+06,4.658000000000000000e+03
2.726788000000000000e+06,4.634000000000000000e+03
2.726808000000000000e+06,4.588000000000000000e+03
2.726828000000000000e+06,4.568000000000000000e+03
2.726848000000000000e+06,4.518000000000000000e+03
2.726868000000000000e+06,4.495000000000000000e+03
2.726888000000000000e+06,4.444000000000000000e+03
2.726908000000000000e+06,4.439000000000000000e+03
2.726928000000000000e+06,4.407000000000000000e+03
2.726948000000000000e+06,4.407000000000000000e+03
2.726968000000000000e+06,4.377000000000000000e+03
2.726988000000000000e+06,4.382000000000000000e+03
2.727008000000000000e+06,4.353000000000000000e+03
2.727028000000000000e+06,4.349000000000000000e+03
2.727048000000000000e+06,4.329000000000000000e+03
2.727068000000000000e+06,4.326000000000000000e+03
2.727088000000000000e+06,4.311000000000000000e+03
2.727108000000000000e+06,4.301000000000000000e+03
2.727128000000000000e+06,4.294000000000000000e+03
2.727148000000000000e+06,4.303000000000000000e+03
2.727168000000000000e+06,4.370000000000000000e+03
2.727188000000000000e+06,4.400000000000000000e+03
2.727208000000000000e+06,4.484000000000000000e+03
2.727228000000000000e+06,4.504000000000000000e+03
2.727248000000000000e+06,4.560000000000000000e+03
2.727268000000000000e+06,4.578000000000000000e+03
2.727315000000000000e+06,4.604000000000000000e+03
2.727322000000000000e+06,4.606000000000000000e+03
2.727342000000000000e+06,4.601000000000000000e+03
2.727362000000000000e+06,4.585000000000000000e+03
2.727382000000000000e+06,4.580000000000000000e+03
2.727402000000000000e+06,4.561000000000000000e+03
2.727422000000000000e+06,4.553000000000000000e+03
2.727442000000000000e+06,4.550000000000000000e+03
2.727462000000000000e+06,4.538000000000000000e+03
2.727482000000000000e+06,4.556000000000000000e+03
2.727502000000000000e+06,4.529000000000000000e+03
2.727522000000000000e+06,4.543000000000000000e+03
2.727542000000000000e+06,4.514000000000000000e+03
2.727562000000000000e+06,4.512000000000000000e+03
2.727582000000000000e+06,4.482000000000000000e+03
2.727602000000000000e+06,4.459000000000000000e+03
2.727622000000000000e+06,4.451000000000000000e+03
2.727642000000000000e+06,4.427000000000000000e+03
2.727662000000000000e+06,4.426000000000000000e+03
2.727682000000000000e+06,4.403000000000000000e+03
2.727702000000000000e+06,4.413000000000000000e+03
2.727722000000000000e+06,4.392000000000000000e+03
2.727742000000000000e+06,4.396000000000000000e+03
2.727762000000000000e+06,4.386000000000000000e+03
2.727782000000000000e+06,4.374000000000000000e+03
2.727802000000000000e+06,4.370000000000000000e+03
2.727822000000000000e+06,4.360000000000000000e+03
2.727842000000000000e+06,4.350000000000000000e+03
2.727862000000000000e+06,4.342000000000000000e+03
2.727882000000000000e+06,4.321000000000000000e+03
2.727902000000000000e+06,4.329000000000000000e+03
2.727922000000000000e+06,4.375000000000000000e+03
2.727942000000000000e+06,4.407000000000000000e+03
2.727962000000000000e+06,4.506000000000000000e+03
2.727982000000000000e+06,4.533000000000000000e+03
2.728002000000000000e+06,4.629000000000000000e+03
2.728022000000000000e+06,4.633000000000000000e+03
2.728042000000000000e+06,4.680000000000000000e+03
2.728062000000000000e+06,4.685000000000000000e+03
2.728082000000000000e+06,4.709000000000000000e+03
2.728102000000000000e+06,4.702000000000000000e+03
2.728122000000000000e+06,4.688000000000000000e+03
2.728142000000000000e+06,4.692000000000000000e+03
2.728162000000000000e+06,4.670000000000000000e+03
2.728182000000000000e+06,4.665000000000000000e+03
2.728202000000000000e+06,4.646000000000000000e+03
2.728222000000000000e+06,4.649000000000000000e+03
2.728242000000000000e+06,4.645000000000000000e+03
2.728262000000000000e+06,4.631000000000000000e+03
2.728282000000000000e+06,4.635000000000000000e+03
2.728302000000000000e+06,4.618000000000000000e+03
2.728322000000000000e+06,4.623000000000000000e+03
2.728342000000000000e+06,4.603000000000000000e+03
2.728362000000000000e+06,4.598000000000000000e+03
2.728382000000000000e+06,4.576000000000000000e+03
2.728402000000000000e+06,4.568000000000000000e+03
2.728422000000000000e+06,4.542000000000000000e+03
2.728442000000000000e+06,4.537000000000000000e+03
2.728462000000000000e+06,4.510000000000000000e+03
2.728482000000000000e+06,4.509000000000000000e+03
2.728502000000000000e+06,4.478000000000000000e+03
2.728522000000000000e+06,4.485000000000000000e+03
2.728542000000000000e+06,4.451000000000000000e+03
2.728562000000000000e+06,4.455000000000000000e+03
2.728582000000000000e+06,4.429000000000000000e+03
2.728602000000000000e+06,4.406000000000000000e+03
2.728622000000000000e+06,4.398000000000000000e+03
2.728642000000000000e+06,4.376000000000000000e+03
2.728662000000000000e+06,4.370000000000000000e+03
2.728682000000000000e+06,4.351000000000000000e+03
2.728702000000000000e+06,4.347000000000000000e+03
2.728722000000000000e+06,4.351000000000000000e+03
2.728742000000000000e+06,4.421000000000000000e+03
2.728762000000000000e+06,4.440000000000000000e+03
2.728782000000000000e+06,4.543000000000000000e+03
2.728802000000000000e+06,4.560000000000000000e+03
2.728822000000000000e+06,4.645000000000000000e+03
2.728842000000000000e+06,4.639000000000000000e+03
2.728862000000000000e+06,4.678000000000000000e+03
2.728882000000000000e+06,4.670000000000000000e+03
2.728902000000000000e+06,4.689000000000000000e+03
2.728922000000000000e+06,4.674000000000000000e+03
2.728942000000000000e+06,4.669000000000000000e+03
2.728962000000000000e+06,4.659000000000000000e+03
2.728982000000000000e+06,4.637000000000000000e+03
2.729002000000000000e+06,4.625000000000000000e+03
2.729022000000000000e+06,4.596000000000000000e+03
2.729042000000000000e+06,4.603000000000000000e+03
2.729062000000000000e+06,4.576000000000000000e+03
2.729082000000000000e+06,4.582000000000000000e+03
2.729102000000000000e+06,4.561000000000000000e+03
2.729122000000000000e+06,4.564000000000000000e+03
2.729142000000000000e+06,4.547000000000000000e+03
2.729162000000000000e+06,4.544000000000000000e+03
2.729182000000000000e+06,4.519000000000000000e+03
2.729202000000000000e+06,4.509000000000000000e+03
2.729222000000000000e+06,4.493000000000000000e+03
2.729242000000000000e+06,4.485000000000000000e+03
2.729262000000000000e+06,4.459000000000000000e+03
2.729282000000000000e+06,4.454000000000000000e+03
2.729329000000000000e+06,4.404000000000000000e+03
2.729336000000000000e+06,4.413000000000000000e+03
2.729356000000000000e+06,4.393000000000000000e+03
2.729376000000000000e+06,4.380000000000000000e+03
2.729396000000000000e+06,4.365000000000000000e+03
2.729416000000000000e+06,4.348000000000000000e+03
2.729436000000000000e+06,4.335000000000000000e+03
2.729456000000000000e+06,4.312000000000000000e+03
2.729476000000000000e+06,4.307000000000000000e+03
2.729496000000000000e+06,4.275000000000000000e+03
2.729516000000000000e+06,4.270000000000000000e+03
2.729536000000000000e+06,4.269000000000000000e+03
2.729556000000000000e+06,4.271000000000000000e+03
2.729576000000000000e+06,4.363000000000000000e+03
2.729596000000000000e+06,4.357000000000000000e+03
2.729616000000000000e+06,4.469000000000000000e+03
2.729636000000000000e+06,4.459000000000000000e+03
2.729656000000000000e+06,4.528000000000000000e+03
2.729676000000000000e+06,4.520000000000000000e+03
2.729696000000000000e+06,4.545000000000000000e+03
2.729716000000000000e+06,4.547000000000000000e+03
2.729736000000000000e+06,4.553000000000000000e+03
2.729756000000000000e+06,4.549000000000000000e+03
2.729776000000000000e+06,4.517000000000000000e+03
2.729796000000000000e+06,4.530000000000000000e+03
2.729816000000000000e+06,4.504000000000000000e+03
2.729836000000000000e+06,4.503000000000000000e+03
2.729856000000000000e+06,4.482000000000000000e+03
2.729876000000000000e+06,4.479000000000000000e+03
2.729896000000000000e+06,4.469000000000000000e+03
2.729916000000000000e+06,4.466000000000000000e+03
2.729936000000000000e+06,4.456000000000000000e+03
2.729956000000000000e+06,4.446000000000000000e+03
2.729976000000000000e+06,4.423000000000000000e+03
2.729996000000000000e+06,4.422000000000000000e+03
2.730016000000000000e+06,4.394000000000000000e+03
2.730036000000000000e+06,4.391000000000000000e+03
2.730056000000000000e+06,4.369000000000000000e+03
2.730076000000000000e+06,4.359000000000000000e+03
2.730096000000000000e+06,4.345000000000000000e+03
2.730116000000000000e+06,4.322000000000000000e+03
2.730136000000000000e+06,4.309000000000000000e+03
2.730156000000000000e+06,4.295000000000000000e+03
2.730176000000000000e+06,4.285000000000000000e+03
2.730196000000000000e+06,4.268000000000000000e+03
2.730216000000000000e+06,4.238000000000000000e+03
2.730236000000000000e+06,4.238000000000000000e+03
2.730256000000000000e+06,4.207000000000000000e+03
2.730276000000000000e+06,4.206000000000000000e+03
2.730296000000000000e+06,4.182000000000000000e+03
2.730316000000000000e+06,4.181000000000000000e+03
2.730336000000000000e+06,4.173000000000000000e+03
2.730356000000000000e+06,4.148000000000000000e+03
2.730376000000000000e+06,4.144000000000000000e+03
2.730396000000000000e+06,4.122000000000000000e+03
2.730416000000000000e+06,4.140000000000000000e+03
2.730436000000000000e+06,4.185000000000000000e+03
2.730456000000000000e+06,4.209000000000000000e+03
2.730476000000000000e+06,4.285000000000000000e+03
2.730496000000000000e+06,4.305000000000000000e+03
2.730516000000000000e+06,4.359000000000000000e+03
2.730536000000000000e+06,4.368000000000000000e+03
2.730556000000000000e+06,4.395000000000000000e+03
2.730576000000000000e+06,4.407000000000000000e+03
2.730596000000000000e+06,4.405000000000000000e+03
2.730616000000000000e+06,4.414000000000000000e+03
2.730636000000000000e+06,4.390000000000000000e+03
2.730656000000000000e+06,4.387000000000000000e+03
2.730676000000000000e+06,4.368000000000000000e+03
2.730696000000000000e+06,4.356000000000000000e+03
2.730716000000000000e+06,4.343000000000000000e+03
2.730736000000000000e+06,4.321000000000000000e+03
2.730756000000000000e+06,4.333000000000000000e+03
2.730776000000000000e+06,4.320000000000000000e+03
2.730796000000000000e+06,4.319000000000000000e+03
2.730816000000000000e+06,4.312000000000000000e+03
2.730836000000000000e+06,4.311000000000000000e+03
2.730856000000000000e+06,4.305000000000000000e+03
2.730876000000000000e+06,4.302000000000000000e+03
2.730896000000000000e+06,4.286000000000000000e+03
2.730916000000000000e+06,4.283000000000000000e+03
2.730936000000000000e+06,4.256000000000000000e+03
2.730956000000000000e+06,4.249000000000000000e+03
2.730976000000000000e+06,4.230000000000000000e+03
2.730996000000000000e+06,4.217000000000000000e+03
2.731016000000000000e+06,4.204000000000000000e+03
2.731036000000000000e+06,4.191000000000000000e+03
2.731056000000000000e+06,4.170000000000000000e+03
2.731076000000000000e+06,4.159000000000000000e+03
2.731096000000000000e+06,4.148000000000000000e+03
2.731116000000000000e+06,4.114000000000000000e+03
2.731136000000000000e+06,4.125000000000000000e+03
2.731156000000000000e+06,4.096000000000000000e+03
2.731176000000000000e+06,4.098000000000000000e+03
2.731196000000000000e+06,4.074000000000000000e+03
2.731216000000000000e+06,4.071000000000000000e+03
2.731236000000000000e+06,4.053000000000000000e+03
2.731256000000000000e+06,4.050000000000000000e+03
2.731276000000000000e+06,4.093000000000000000e+03
2.731296000000000000e+06,4.122000000000000000e+03
2.731344000000000000e+06,4.281000000000000000e+03
2.731350000000000000e+06,4.313000000000000000e+03
2.731370000000000000e+06,4.336000000000000000e+03
2.731390000000000000e+06,4.380000000000000000e+03
2.731410000000000000e+06,4.377000000000000000e+03
2.731430000000000000e+06,4.400000000000000000e+03
2.731450000000000000e+06,4.379000000000000000e+03
2.731470000000000000e+06,4.373000000000000000e+03
2.731490000000000000e+06,4.355000000000000000e+03
2.731510000000000000e+06,4.336000000000000000e+03
2.731530000000000000e+06,4.326000000000000000e+03
2.731550000000000000e+06,4.310000000000000000e+03
2.731570000000000000e+06,4.305000000000000000e+03
2.731590000000000000e+06,4.293000000000000000e+03
2.731610000000000000e+06,4.298000000000000000e+03
2.731630000000000000e+06,4.294000000000000000e+03
2.731650000000000000e+06,4.285000000000000000e+03
2.731670000000000000e+06,4.300000000000000000e+03
2.731690000000000000e+06,4.265000000000000000e+03
2.731710000000000000e+06,4.268000000000000000e+03
2.731730000000000000e+06,4.237000000000000000e+03
2.731750000000000000e+06,4.234000000000000000e+03
2.731770000000000000e+06,4.211000000000000000e+03
2.731790000000000000e+06,4.191000000000000000e+03
2.731810000000000000e+06,4.187000000000000000e+03
2.731830000000000000e+06,4.166000000000000000e+03
2.731850000000000000e+06,4.162000000000000000e+03
2.731870000000000000e+06,4.135000000000000000e+03
2.731890000000000000e+06,4.145000000000000000e+03
2.731910000000000000e+06,4.116000000000000000e+03
2.731930000000000000e+06,4.118000000000000000e+03
2.731950000000000000e+06,4.106000000000000000e+03
2.731970000000000000e+06,4.099000000000000000e+03
2.731990000000000000e+06,4.085000000000000000e+03
2.732010000000000000e+06,4.078000000000000000e+03
2.732030000000000000e+06,4.065000000000000000e+03
2.732050000000000000e+06,4.047000000000000000e+03
2.732070000000000000e+06,4.045000000000000000e+03
2.732090000000000000e+06,4.063000000000000000e+03
2.732110000000000000e+06,4.134000000000000000e+03
2.732130000000000000e+06,4.167000000000000000e+03
2.732150000000000000e+06,4.273000000000000000e+03
2.732170000000000000e+06,4.295000000000000000e+03
2.732190000000000000e+06,4.372000000000000000e+03
2.732210000000000000e+06,4.367000000000000000e+03
2.732230000000000000e+06,4.399000000000000000e+03
2.732250000000000000e+06,4.392000000000000000e+03
2.732270000000000000e+06,4.395000000000000000e+03
2.732290000000000000e+06,4.381000000000000000e+03
2.732310000000000000e+06,4.351000000000000000e+03
2.732330000000000000e+06,4.355000000000000000e+03
2.732350000000000000e+06,4.326000000000000000e+03
2.732370000000000000e+06,4.318000000000000000e+03
2.732390000000000000e+06,4.307000000000000000e+03
2.732410000000000000e+06,4.312000000000000000e+03
2.732430000000000000e+06,4.312000000000000000e+03
2.732450000000000000e+06,4.307000000000000000e+03
2.732470000000000000e+06,4.311000000000000000e+03
2.732490000000000000e+06,4.290000000000000000e+03
2.732510000000000000e+06,4.293000000000000000e+03
2.732530000000000000e+06,4.265000000000000000e+03
2.732550000000000000e+06,4.263000000000000000e+03
2.732570000000000000e+06,4.236000000000000000e+03
2.732590000000000000e+06,4.234000000000000000e+03
2.732610000000000000e+06,4.206000000000000000e+03
2.732630000000000000e+06,4.209000000000000000e+03
2.732650000000000000e+06,4.180000000000000000e+03
2.732670000000000000e+06,4.181000000000000000e+03
2.732690000000000000e+06,4.148000000000000000e+03
2.732710000000000000e+06,4.157000000000000000e+03
2.732730000000000000e+06,4.122000000000000000e+03
2.732750000000000000e+06,4.123000000000000000e+03
2.732770000000000000e+06,4.102000000000000000e+03
2.732790000000000000e+06,4.074000000000000000e+03
2.732810000000000000e+06,4.072000000000000000e+03
2.732830000000000000e+06,4.046000000000000000e+03
2.732850000000000000e+06,4.041000000000000000e+03
2.732870000000000000e+06,4.027000000000000000e+03
2.732890000000000000e+06,4.069000000000000000e+03
2.732910000000000000e+06,4.090000000000000000e+03
2.732930000000000000e+06,4.197000000000000000e+03
2.732950000000000000e+06,4.226000000000000000e+03
2.732970000000000000e+06,4.325000000000000000e+03
2.732990000000000000e+06,4.331000000000000000e+03
2.733010000000000000e+06,4.390000000000000000e+03
2.733030000000000000e+06,4.382000000000000000e+03
2.733050000000000000e+06,4.397000000000000000e+03
2.733070000000000000e+06,4.388000000000000000e+03
2.733090000000000000e+06,4.379000000000000000e+03
2.733110000000000000e+06,4.365000000000000000e+03
2.733130000000000000e+06,4.347000000000000000e+03
2.733150000000000000e+06,4.336000000000000000e+03
2.733170000000000000e+06,4.320000000000000000e+03
2.733190000000000000e+06,4.316000000000000000e+03
2.733210000000000000e+06,4.302000000000000000e+03
2.733230000000000000e+06,4.311000000000000000e+03
2.733250000000000000e+06,4.298000000000000000e+03
2.733270000000000000e+06,4.297000000000000000e+03
2.733290000000000000e+06,4.286000000000000000e+03
2.733310000000000000e+06,4.287000000000000000e+03
2.733357000000000000e+06,4.249000000000000000e+03
2.733363000000000000e+06,4.236000000000000000e+03
2.733383000000000000e+06,4.234000000000000000e+03
2.733403000000000000e+06,4.204000000000000000e+03
2.733423000000000000e+06,4.208000000000000000e+03
2.733443000000000000e+06,4.161000000000000000e+03
2.733463000000000000e+06,4.172000000000000000e+03
2.733483000000000000e+06,4.139000000000000000e+03
2.733503000000000000e+06,4.135000000000000000e+03
2.733523000000000000e+06,4.115000000000000000e+03
2.733543000000000000e+06,4.109000000000000000e+03
2.733563000000000000e+06,4.093000000000000000e+03
2.733583000000000000e+06,4.090000000000000000e+03
2.733603000000000000e+06,4.075000000000000000e+03
2.733623000000000000e+06,4.074000000000000000e+03
2.733643000000000000e+06,4.065000000000000000e+03
2.733663000000000000e+06,4.088000000000000000e+03
2.733683000000000000e+06,4.168000000000000000e+03
2.733703000000000000e+06,4.207000000000000000e+03
2.733723000000000000e+06,4.319000000000000000e+03
2.733743000000000000e+06,4.338000000000000000e+03
2.733763000000000000e+06,4.417000000000000000e+03
2.733783000000000000e+06,4.418000000000000000e+03
2.733803000000000000e+06,4.448000000000000000e+03
2.733823000000000000e+06,4.450000000000000000e+03
2.733843000000000000e+06,4.457000000000000000e+03
2.733863000000000000e+06,4.450000000000000000e+03
2.733883000000000000e+06,4.419000000000000000e+03
2.733903000000000000e+06,4.424000000000000000e+03
2.733923000000000000e+06,4.394000000000000000e+03
2.733943000000000000e+06,4.401000000000000000e+03
2.733963000000000000e+06,4.397000000000000000e+03
2.733983000000000000e+06,4.390000000000000000e+03
2.734003000000000000e+06,4.394000000000000000e+03
2.734023000000000000e+06,4.385000000000000000e+03
2.734043000000000000e+06,4.391000000000000000e+03
2.734063000000000000e+06,4.374000000000000000e+03
2.734083000000000000e+06,4.370000000000000000e+03
2.734103000000000000e+06,4.353000000000000000e+03
2.734123000000000000e+06,4.343000000000000000e+03
2.734143000000000000e+06,4.329000000000000000e+03
2.734163000000000000e+06,4.314000000000000000e+03
2.734183000000000000e+06,4.297000000000000000e+03
2.734203000000000000e+06,4.296000000000000000e+03
2.734223000000000000e+06,4.272000000000000000e+03
2.734243000000000000e+06,4.280000000000000000e+03
2.734263000000000000e+06,4.245000000000000000e+03
2.734283000000000000e+06,4.250000000000000000e+03
2.734303000000000000e+06,4.228000000000000000e+03
2.734323000000000000e+06,4.216000000000000000e+03
2.734343000000000000e+06,4.212000000000000000e+03
2.734363000000000000e+06,4.190000000000000000e+03
2.734383000000000000e+06,4.188000000000000000e+03
2.734403000000000000e+06,4.169000000000000000e+03
2.734423000000000000e+06,4.164000000000000000e+03
2.734443000000000000e+06,4.158000000000000000e+03
2.734463000000000000e+06,4.222000000000000000e+03
2.734483000000000000e+06,4.250000000000000000e+03
2.734503000000000000e+06,4.347000000000000000e+03
2.734523000000000000e+06,4.369000000000000000e+03
2.734543000000000000e+06,4.460000000000000000e+03
2.734563000000000000e+06,4.457000000000000000e+03
2.734583000000000000e+06,4.501000000000000000e+03
2.734603000000000000e+06,4.492000000000000000e+03
2.734623000000000000e+06,4.510000000000000000e+03
2.734643000000000000e+06,4.497000000000000000e+03
2.734663000000000000e+06,4.482000000000000000e+03
2.734683000000000000e+06,4.469000000000000000e+03
2.734703000000000000e+06,4.456000000000000000e+03
2.734723000000000000e+06,4.449000000000000000e+03
2.734743000000000000e+06,4.426000000000000000e+03
2.734763000000000000e+06,4.438000000000000000e+03
2.734783000000000000e+06,4.418000000000000000e+03
2.734803000000000000e+06,4.432000000000000000e+03
2.734823000000000000e+06,4.411000000000000000e+03
2.734843000000000000e+06,4.412000000000000000e+03
2.734863000000000000e+06,4.400000000000000000e+03
2.734883000000000000e+06,4.396000000000000000e+03
2.734903000000000000e+06,4.373000000000000000e+03
2.734923000000000000e+06,4.362000000000000000e+03
2.734943000000000000e+06,4.343000000000000000e+03
2.734963000000000000e+06,4.335000000000000000e+03
2.734983000000000000e+06,4.315000000000000000e+03
2.735003000000000000e+06,4.308000000000000000e+03
2.735023000000000000e+06,4.286000000000000000e+03
2.735043000000000000e+06,4.277000000000000000e+03
2.735063000000000000e+06,4.265000000000000000e+03
2.735083000000000000e+06,4.258000000000000000e+03
2.735103000000000000e+06,4.242000000000000000e+03
2.735123000000000000e+06,4.235000000000000000e+03
2.735143000000000000e+06,4.217000000000000000e+03
2.735163000000000000e+06,4.218000000000000000e+03
2.735183000000000000e+06,4.201000000000000000e+03
2.735203000000000000e+06,4.198000000000000000e+03
2.735223000000000000e+06,4.178000000000000000e+03
2.735243000000000000e+06,4.178000000000000000e+03
2.735263000000000000e+06,4.233000000000000000e+03
2.735283000000000000e+06,4.256000000000000000e+03
2.735303000000000000e+06,4.351000000000000000e+03
2.735323000000000000e+06,4.370000000000000000e+03
2.735370000000000000e+06,4.476000000000000000e+03
2.735377000000000000e+06,4.478000000000000000e+03
2.735397000000000000e+06,4.468000000000000000e+03
2.735417000000000000e+06,4.472000000000000000e+03
2.735437000000000000e+06,4.458000000000000000e+03
2.735457000000000000e+06,4.437000000000000000e+03
2.735477000000000000e+06,4.426000000000000000e+03
2.735497000000000000e+06,4.395000000000000000e+03
2.735517000000000000e+06,4.403000000000000000e+03
2.735537000000000000e+06,4.385000000000000000e+03
2.735557000000000000e+06,4.388000000000000000e+03
2.735577000000000000e+06,4.390000000000000000e+03
2.735597000000000000e+06,4.387000000000000000e+03
2.735617000000000000e+06,4.388000000000000000e+03
2.735637000000000000e+06,4.379000000000000000e+03
2.735657000000000000e+06,4.365000000000000000e+03
2.735677000000000000e+06,4.358000000000000000e+03
2.735697000000000000e+06,4.339000000000000000e+03
2.735717000000000000e+06,4.332000000000000000e+03
2.735737000000000000e+06,4.311000000000000000e+03
2.735757000000000000e+06,4.304000000000000000e+03
2.735777000000000000e+06,4.293000000000000000e+03
2.735797000000000000e+06,4.282000000000000000e+03
2.735817000000000000e+06,4.282000000000000000e+03
2.735837000000000000e+06,4.254000000000000000e+03
2.735857000000000000e+06,4.251000000000000000e+03
2.735877000000000000e+06,4.235000000000000000e+03
2.735897000000000000e+06,4.229000000000000000e+03
2.735917000000000000e+06,4.219000000000000000e+03
2.735937000000000000e+06,4.187000000000000000e+03
2.735957000000000000e+06,4.196000000000000000e+03
2.735977000000000000e+06,4.169000000000000000e+03
2.735997000000000000e+06,4.173000000000000000e+03
2.736017000000000000e+06,4.148000000000000000e+03
2.736037000000000000e+06,4.145000000000000000e+03
2.736057000000000000e+06,4.151000000000000000e+03
2.736077000000000000e+06,4.207000000000000000e+03
2.736097000000000000e+06,4.242000000000000000e+03
2.736117000000000000e+06,4.328000000000000000e+03
2.736137000000000000e+06,4.363000000000000000e+03
2.736157000000000000e+06,4.427000000000000000e+03
2.736177000000000000e+06,4.449000000000000000e+03
2.736197000000000000e+06,4.475000000000000000e+03
2.736217000000000000e+06,4.475000000000000000e+03
2.736237000000000000e+06,4.475000000000000000e+03
2.736257000000000000e+06,4.481000000000000000e+03
2.736277000000000000e+06,4.455000000000000000e+03
2.736297000000000000e+06,4.461000000000000000e+03
2.736317000000000000e+06,4.427000000000000000e+03
2.736337000000000000e+06,4.433000000000000000e+03
2.736357000000000000e+06,4.417000000000000000e+03
2.736377000000000000e+06,4.413000000000000000e+03
2.736397000000000000e+06,4.414000000000000000e+03
2.736417000000000000e+06,4.391000000000000000e+03
2.736437000000000000e+06,4.407000000000000000e+03
2.736457000000000000e+06,4.388000000000000000e+03
2.736477000000000000e+06,4.380000000000000000e+03
2.736497000000000000e+06,4.368000000000000000e+03
2.736517000000000000e+06,4.360000000000000000e+03
2.736537000000000000e+06,4.354000000000000000e+03
2.736557000000000000e+06,4.336000000000000000e+03
2.736577000000000000e+06,4.322000000000000000e+03
2.736597000000000000e+06,4.317000000000000000e+03
2.736617000000000000e+06,4.298000000000000000e+03
2.736637000000000000e+06,4.288000000000000000e+03
2.736657000000000000e+06,4.270000000000000000e+03
2.736677000000000000e+06,4.259000000000000000e+03
2.736697000000000000e+06,4.245000000000000000e+03
2.736717000000000000e+06,4.231000000000000000e+03
2.736737000000000000e+06,4.220000000000000000e+03
2.736757000000000000e+06,4.211000000000000000e+03
2.736777000000000000e+06,4.200000000000000000e+03
2.736797000000000000e+06,4.180000000000000000e+03
2.736817000000000000e+06,4.185000000000000000e+03
2.736837000000000000e+06,4.152000000000000000e+03
2.736857000000000000e+06,4.162000000000000000e+03
2.736877000000000000e+06,4.193000000000000000e+03
2.736897000000000000e+06,4.228000000000000000e+03
2.736917000000000000e+06,4.330000000000000000e+03
2.736937000000000000e+06,4.362000000000000000e+03
2.736957000000000000e+06,4.445000000000000000e+03
2.736977000000000000e+06,4.460000000000000000e+03
2.736997000000000000e+06,4.497000000000000000e+03
2.737017000000000000e+06,4.502000000000000000e+03
2.737037000000000000e+06,4.499000000000000000e+03
2.737057000000000000e+06,4.500000000000000000e+03
2.737077000000000000e+06,4.471000000000000000e+03
2.737097000000000000e+06,4.461000000000000000e+03
2.737117000000000000e+06,4.441000000000000000e+03
2.737137000000000000e+06,4.439000000000000000e+03
2.737157000000000000e+06,4.428000000000000000e+03
2.737177000000000000e+06,4.425000000000000000e+03
2.737197000000000000e+06,4.424000000000000000e+03
2.737217000000000000e+06,4.422000000000000000e+03
2.737237000000000000e+06,4.411000000000000000e+03
2.737257000000000000e+06,4.409000000000000000e+03
2.737277000000000000e+06,4.394000000000000000e+03
2.737297000000000000e+06,4.391000000000000000e+03
2.737317000000000000e+06,4.372000000000000000e+03
2.737337000000000000e+06,4.359000000000000000e+03
2.737384000000000000e+06,4.321000000000000000e+03
2.737391000000000000e+06,4.314000000000000000e+03
2.737411000000000000e+06,4.293000000000000000e+03
2.737431000000000000e+06,4.290000000000000000e+03
2.737451000000000000e+06,4.264000000000000000e+03
2.737471000000000000e+06,4.233000000000000000e+03
2.737491000000000000e+06,4.226000000000000000e+03
2.737511000000000000e+06,4.185000000000000000e+03
2.737531000000000000e+06,4.173000000000000000e+03
2.737551000000000000e+06,4.124000000000000000e+03
2.737571000000000000e+06,4.126000000000000000e+03
2.737591000000000000e+06,4.088000000000000000e+03
2.737611000000000000e+06,4.078000000000000000e+03
2.737631000000000000e+06,4.038000000000000000e+03
2.737651000000000000e+06,4.029000000000000000e+03
2.737671000000000000e+06,4.069000000000000000e+03
2.737691000000000000e+06,4.080000000000000000e+03
2.737711000000000000e+06,4.161000000000000000e+03
2.737731000000000000e+06,4.169000000000000000e+03
2.737751000000000000e+06,4.127000000000000000e+03
2.737771000000000000e+06,4.110000000000000000e+03
2.737791000000000000e+06,4.047000000000000000e+03
2.737811000000000000e+06,4.037000000000000000e+03
2.737831000000000000e+06,3.987000000000000000e+03
2.737851000000000000e+06,3.958000000000000000e+03
2.737871000000000000e+06,3.903000000000000000e+03
2.737891000000000000e+06,3.863000000000000000e+03
2.737911000000000000e+06,3.816000000000000000e+03
2.737931000000000000e+06,3.798000000000000000e+03
2.737951000000000000e+06,3.850000000000000000e+03
2.737971000000000000e+06,3.847000000000000000e+03
2.737991000000000000e+06,3.831000000000000000e+03
2.738011000000000000e+06,3.833000000000000000e+03
2.738031000000000000e+06,3.822000000000000000e+03
2.738051000000000000e+06,3.824000000000000000e+03
2.738071000000000000e+06,3.817000000000000000e+03
2.738091000000000000e+06,3.797000000000000000e+03
2.738111000000000000e+06,3.799000000000000000e+03
2.738131000000000000e+06,3.795000000000000000e+03
2.738151000000000000e+06,3.818000000000000000e+03
2.738171000000000000e+06,3.823000000000000000e+03
2.738191000000000000e+06,3.825000000000000000e+03
2.738211000000000000e+06,3.823000000000000000e+03
2.738231000000000000e+06,3.827000000000000000e+03
2.738251000000000000e+06,3.823000000000000000e+03
2.738271000000000000e+06,3.816000000000000000e+03
2.738291000000000000e+06,3.809000000000000000e+03
2.738311000000000000e+06,3.816000000000000000e+03
2.738331000000000000e+06,3.801000000000000000e+03
2.738351000000000000e+06,3.817000000000000000e+03
2.738371000000000000e+06,3.806000000000000000e+03
2.738391000000000000e+06,3.811000000000000000e+03
2.738411000000000000e+06,3.806000000000000000e+03
2.738431000000000000e+06,3.803000000000000000e+03
2.738451000000000000e+06,3.884000000000000000e+03
2.738471000000000000e+06,3.905000000000000000e+03
2.738491000000000000e+06,4.039000000000000000e+03
2.738511000000000000e+06,4.061000000000000000e+03
2.738531000000000000e+06,4.139000000000000000e+03
2.738551000000000000e+06,4.161000000000000000e+03
2.738571000000000000e+06,4.209000000000000000e+03
2.738591000000000000e+06,4.213000000000000000e+03
2.738611000000000000e+06,4.250000000000000000e+03
2.738631000000000000e+06,4.238000000000000000e+03
2.738651000000000000e+06,4.267000000000000000e+03
2.738671000000000000e+06,4.248000000000000000e+03
2.738691000000000000e+06,4.265000000000000000e+03
2.738711000000000000e+06,4.253000000000000000e+03
2.738731000000000000e+06,4.262000000000000000e+03
2.738751000000000000e+06,4.261000000000000000e+03
2.738771000000000000e+06,4.267000000000000000e+03
2.738791000000000000e+06,4.268000000000000000e+03
2.738811000000000000e+06,4.266000000000000000e+03
2.738831000000000000e+06,4.273000000000000000e+03
2.738851000000000000e+06,4.247000000000000000e+03
2.738871000000000000e+06,4.258000000000000000e+03
2.738891000000000000e+06,4.240000000000000000e+03
2.738911000000000000e+06,4.242000000000000000e+03
2.738931000000000000e+06,4.225000000000000000e+03
2.738951000000000000e+06,4.220000000000000000e+03
2.738971000000000000e+06,4.202000000000000000e+03
2.738991000000000000e+06,4.203000000000000000e+03
2.739011000000000000e+06,4.191000000000000000e+03
2.739031000000000000e+06,4.191000000000000000e+03
2.739051000000000000e+06,4.191000000000000000e+03
2.739071000000000000e+06,4.188000000000000000e+03
2.739091000000000000e+06,4.198000000000000000e+03
2.739111000000000000e+06,4.203000000000000000e+03
2.739131000000000000e+06,4.212000000000000000e+03
2.739151000000000000e+06,4.208000000000000000e+03
2.739171000000000000e+06,4.222000000000000000e+03
2.739191000000000000e+06,4.223000000000000000e+03
2.739211000000000000e+06,4.280000000000000000e+03
2.739231000000000000e+06,4.316000000000000000e+03
2.739251000000000000e+06,4.451000000000000000e+03
2.739271000000000000e+06,4.491000000000000000e+03
2.739291000000000000e+06,4.599000000000000000e+03
2.739311000000000000e+06,4.625000000000000000e+03
2.739331000000000000e+06,4.649000000000000000e+03
2.739351000000000000e+06,4.644000000000000000e+03
2.739398000000000000e+06,4.606000000000000000e+03
2.739405000000000000e+06,4.597000000000000000e+03
2.739425000000000000e+06,4.578000000000000000e+03
2.739445000000000000e+06,4.564000000000000000e+03
2.739465000000000000e+06,4.530000000000000000e+03
2.739485000000000000e+06,4.507000000000000000e+03
2.739505000000000000e+06,4.481000000000000000e+03
2.739525000000000000e+06,4.445000000000000000e+03
2.739545000000000000e+06,4.433000000000000000e+03
2.739565000000000000e+06,4.384000000000000000e+03
2.739585000000000000e+06,4.370000000000000000e+03
2.739605000000000000e+06,4.290000000000000000e+03
2.739625000000000000e+06,4.282000000000000000e+03
2.739645000000000000e+06,4.221000000000000000e+03
2.739665000000000000e+06,4.203000000000000000e+03
2.739685000000000000e+06,4.145000000000000000e+03
2.739705000000000000e+06,4.129000000000000000e+03
2.739725000000000000e+06,4.062000000000000000e+03
2.739745000000000000e+06,4.038000000000000000e+03
2.739765000000000000e+06,3.973000000000000000e+03
2.739785000000000000e+06,3.963000000000000000e+03
2.739805000000000000e+06,3.912000000000000000e+03
2.739825000000000000e+06,3.900000000000000000e+03
2.739845000000000000e+06,3.860000000000000000e+03
2.739865000000000000e+06,3.843000000000000000e+03
2.739885000000000000e+06,3.837000000000000000e+03
2.739905000000000000e+06,3.804000000000000000e+03
2.739925000000000000e+06,3.787000000000000000e+03
2.739945000000000000e+06,3.757000000000000000e+03
2.739965000000000000e+06,3.723000000000000000e+03
2.739985000000000000e+06,3.719000000000000000e+03
2.740005000000000000e+06,3.768000000000000000e+03
2.740025000000000000e+06,3.791000000000000000e+03
2.740045000000000000e+06,3.849000000000000000e+03
2.740065000000000000e+06,3.862000000000000000e+03
2.740085000000000000e+06,3.886000000000000000e+03
2.740105000000000000e+06,3.895000000000000000e+03
2.740125000000000000e+06,3.897000000000000000e+03
2.740145000000000000e+06,3.891000000000000000e+03
2.740165000000000000e+06,3.883000000000000000e+03
2.740185000000000000e+06,3.850000000000000000e+03
2.740205000000000000e+06,3.845000000000000000e+03
2.740225000000000000e+06,3.798000000000000000e+03
2.740245000000000000e+06,3.797000000000000000e+03
2.740265000000000000e+06,3.769000000000000000e+03
2.740285000000000000e+06,3.764000000000000000e+03
2.740305000000000000e+06,3.754000000000000000e+03
2.740325000000000000e+06,3.756000000000000000e+03
2.740345000000000000e+06,3.745000000000000000e+03
2.740365000000000000e+06,3.750000000000000000e+03
2.740385000000000000e+06,3.733000000000000000e+03
2.740405000000000000e+06,3.750000000000000000e+03
2.740425000000000000e+06,3.727000000000000000e+03
2.740445000000000000e+06,3.721000000000000000e+03
2.740465000000000000e+06,3.707000000000000000e+03
2.740485000000000000e+06,3.680000000000000000e+03
2.740505000000000000e+06,3.689000000000000000e+03
2.740525000000000000e+06,3.668000000000000000e+03
2.740545000000000000e+06,3.660000000000000000e+03
2.740565000000000000e+06,3.651000000000000000e+03
2.740585000000000000e+06,3.646000000000000000e+03
2.740605000000000000e+06,3.640000000000000000e+03
2.740625000000000000e+06,3.635000000000000000e+03
2.740645000000000000e+06,3.629000000000000000e+03
2.740665000000000000e+06,3.629000000000000000e+03
2.740685000000000000e+06,3.602000000000000000e+03
2.740705000000000000e+06,3.597000000000000000e+03
2.740725000000000000e+06,3.584000000000000000e+03
2.740745000000000000e+06,3.575000000000000000e+03
2.740765000000000000e+06,3.560000000000000000e+03
2.740785000000000000e+06,3.556000000000000000e+03
2.740805000000000000e+06,3.539000000000000000e+03
2.740825000000000000e+06,3.557000000000000000e+03
2.740845000000000000e+06,3.580000000000000000e+03
2.740865000000000000e+06,3.649000000000000000e+03
2.740885000000000000e+06,3.694000000000000000e+03
2.740905000000000000e+06,3.764000000000000000e+03
2.740925000000000000e+06,3.797000000000000000e+03
2.740945000000000000e+06,3.831000000000000000e+03
2.740965000000000000e+06,3.844000000000000000e+03
2.740985000000000000e+06,3.855000000000000000e+03
2.741005000000000000e+06,3.855000000000000000e+03
2.741025000000000000e+06,3.851000000000000000e+03
2.741045000000000000e+06,3.846000000000000000e+03
2.741065000000000000e+06,3.831000000000000000e+03
2.741085000000000000e+06,3.824000000000000000e+03
2.741105000000000000e+06,3.817000000000000000e+03
2.741125000000000000e+06,3.820000000000000000e+03
2.741145000000000000e+06,3.816000000000000000e+03
2.741165000000000000e+06,3.815000000000000000e+03
2.741185000000000000e+06,3.812000000000000000e+03
2.741205000000000000e+06,3.816000000000000000e+03
2.741225000000000000e+06,3.805000000000000000e+03
2.741245000000000000e+06,3.797000000000000000e+03
2.741265000000000000e+06,3.785000000000000000e+03
2.741285000000000000e+06,3.776000000000000000e+03
2.741305000000000000e+06,3.756000000000000000e+03
2.741325000000000000e+06,3.748000000000000000e+03
2.741345000000000000e+06,3.734000000000000000e+03
2.741365000000000000e+06,3.724000000000000000e+03
2.741412000000000000e+06,3.693000000000000000e+03
2.741419000000000000e+06,3.687000000000000000e+03
2.741439000000000000e+06,3.671000000000000000e+03
2.741459000000000000e+06,3.677000000000000000e+03
2.741479000000000000e+06,3.651000000000000000e+03
2.741499000000000000e+06,3.648000000000000000e+03
2.741519000000000000e+06,3.634000000000000000e+03
2.741539000000000000e+06,3.614000000000000000e+03
2.741559000000000000e+06,3.612000000000000000e+03
2.741579000000000000e+06,3.579000000000000000e+03
2.741599000000000000e+06,3.594000000000000000e+03
2.741619000000000000e+06,3.560000000000000000e+03
2.741639000000000000e+06,3.570000000000000000e+03
2.741659000000000000e+06,3.548000000000000000e+03
2.741679000000000000e+06,3.557000000000000000e+03
2.741699000000000000e+06,3.614000000000000000e+03
2.741719000000000000e+06,3.648000000000000000e+03
2.741739000000000000e+06,3.744000000000000000e+03
2.741759000000000000e+06,3.773000000000000000e+03
2.741779000000000000e+06,3.844000000000000000e+03
2.741799000000000000e+06,3.862000000000000000e+03
2.741819000000000000e+06,3.893000000000000000e+03
2.741839000000000000e+06,3.903000000000000000e+03
2.741859000000000000e+06,3.906000000000000000e+03
2.741879000000000000e+06,3.904000000000000000e+03
2.741899000000000000e+06,3.902000000000000000e+03
2.741919000000000000e+06,3.880000000000000000e+03
2.741939000000000000e+06,3.881000000000000000e+03
2.741959000000000000e+06,3.860000000000000000e+03
2.741979000000000000e+06,3.858000000000000000e+03
2.741999000000000000e+06,3.847000000000000000e+03
2.742019000000000000e+06,3.847000000000000000e+03
2.742039000000000000e+06,3.841000000000000000e+03
2.742059000000000000e+06,3.835000000000000000e+03
2.742079000000000000e+06,3.837000000000000000e+03
2.742099000000000000e+06,3.819000000000000000e+03
2.742119000000000000e+06,3.820000000000000000e+03
2.742139000000000000e+06,3.808000000000000000e+03
2.742159000000000000e+06,3.789000000000000000e+03
2.742179000000000000e+06,3.788000000000000000e+03
2.742199000000000000e+06,3.759000000000000000e+03
2.742219000000000000e+06,3.765000000000000000e+03
2.742239000000000000e+06,3.732000000000000000e+03
2.742259000000000000e+06,3.727000000000000000e+03
2.742279000000000000e+06,3.705000000000000000e+03
2.742299000000000000e+06,3.698000000000000000e+03
2.742319000000000000e+06,3.680000000000000000e+03
2.742339000000000000e+06,3.681000000000000000e+03
2.742359000000000000e+06,3.658000000000000000e+03
2.742379000000000000e+06,3.666000000000000000e+03
2.742399000000000000e+06,3.640000000000000000e+03
2.742419000000000000e+06,3.657000000000000000e+03
2.742439000000000000e+06,3.638000000000000000e+03
2.742459000000000000e+06,3.641000000000000000e+03
2.742479000000000000e+06,3.625000000000000000e+03
2.742499000000000000e+06,3.603000000000000000e+03
2.742519000000000000e+06,3.604000000000000000e+03
2.742539000000000000e+06,3.580000000000000000e+03
2.742559000000000000e+06,3.580000000000000000e+03
2.742579000000000000e+06,3.570000000000000000e+03
2.742599000000000000e+06,3.648000000000000000e+03
2.742619000000000000e+06,3.684000000000000000e+03
2.742639000000000000e+06,3.789000000000000000e+03
2.742659000000000000e+06,3.812000000000000000e+03
2.742679000000000000e+06,3.889000000000000000e+03
2.742699000000000000e+06,3.891000000000000000e+03
2.742719000000000000e+06,3.934000000000000000e+03
2.742739000000000000e+06,3.925000000000000000e+03
2.742759000000000000e+06,3.933000000000000000e+03
2.742779000000000000e+06,3.922000000000000000e+03
2.742799000000000000e+06,3.914000000000000000e+03
2.742819000000000000e+06,3.900000000000000000e+03
2.742839000000000000e+06,3.887000000000000000e+03
2.742859000000000000e+06,3.881000000000000000e+03
2.742879000000000000e+06,3.865000000000000000e+03
2.742899000000000000e+06,3.869000000000000000e+03
2.742919000000000000e+06,3.852000000000000000e+03
2.742939000000000000e+06,3.869000000000000000e+03
2.742959000000000000e+06,3.851000000000000000e+03
2.742979000000000000e+06,3.861000000000000000e+03
2.742999000000000000e+06,3.843000000000000000e+03
2.743019000000000000e+06,3.838000000000000000e+03
2.743039000000000000e+06,3.822000000000000000e+03
2.743059000000000000e+06,3.818000000000000000e+03
2.743079000000000000e+06,3.803000000000000000e+03
2.743099000000000000e+06,3.792000000000000000e+03
2.743119000000000000e+06,3.773000000000000000e+03
2.743139000000000000e+06,3.771000000000000000e+03
2.743159000000000000e+06,3.750000000000000000e+03
2.743179000000000000e+06,3.740000000000000000e+03
2.743199000000000000e+06,3.722000000000000000e+03
2.743219000000000000e+06,3.719000000000000000e+03
2.743239000000000000e+06,3.704000000000000000e+03
2.743259000000000000e+06,3.700000000000000000e+03
2.743279000000000000e+06,3.681000000000000000e+03
2.743299000000000000e+06,3.674000000000000000e+03
2.743319000000000000e+06,3.652000000000000000e+03
2.743339000000000000e+06,3.649000000000000000e+03
2.743359000000000000e+06,3.632000000000000000e+03
2.743379000000000000e+06,3.627000000000000000e+03
2.743426000000000000e+06,3.593000000000000000e+03
2.743433000000000000e+06,3.605000000000000000e+03
2.743453000000000000e+06,3.624000000000000000e+03
2.743473000000000000e+06,3.743000000000000000e+03
2.743493000000000000e+06,3.736000000000000000e+03
2.743513000000000000e+06,3.829000000000000000e+03
2.743533000000000000e+06,3.823000000000000000e+03
2.743553000000000000e+06,3.860000000000000000e+03
2.743573000000000000e+06,3.849000000000000000e+03
2.743593000000000000e+06,3.832000000000000000e+03
2.743613000000000000e+06,3.833000000000000000e+03
2.743633000000000000e+06,3.802000000000000000e+03
2.743653000000000000e+06,3.800000000000000000e+03
2.743673000000000000e+06,3.757000000000000000e+03
2.743693000000000000e+06,3.762000000000000000e+03
2.743713000000000000e+06,3.739000000000000000e+03
2.743733000000000000e+06,3.737000000000000000e+03
2.743753000000000000e+06,3.740000000000000000e+03
2.743773000000000000e+06,3.735000000000000000e+03
2.743793000000000000e+06,3.730000000000000000e+03
2.743813000000000000e+06,3.725000000000000000e+03
2.743833000000000000e+06,3.708000000000000000e+03
2.743853000000000000e+06,3.707000000000000000e+03
2.743873000000000000e+06,3.687000000000000000e+03
2.743893000000000000e+06,3.687000000000000000e+03
2.743913000000000000e+06,3.667000000000000000e+03
2.743933000000000000e+06,3.661000000000000000e+03
2.743953000000000000e+06,3.652000000000000000e+03
2.743973000000000000e+06,3.632000000000000000e+03
2.743993000000000000e+06,3.632000000000000000e+03
2.744013000000000000e+06,3.611000000000000000e+03
2.744033000000000000e+06,3.607000000000000000e+03
2.744053000000000000e+06,3.588000000000000000e+03
2.744073000000000000e+06,3.578000000000000000e+03
2.744093000000000000e+06,3.570000000000000000e+03
2.744113000000000000e+06,3.540000000000000000e+03
2.744133000000000000e+06,3.552000000000000000e+03
2.744153000000000000e+06,3.526000000000000000e+03
2.744173000000000000e+06,3.534000000000000000e+03
2.744193000000000000e+06,3.529000000000000000e+03
2.744213000000000000e+06,3.515000000000000000e+03
2.744233000000000000e+06,3.512000000000000000e+03
2.744253000000000000e+06,3.494000000000000000e+03
2.744273000000000000e+06,3.499000000000000000e+03
2.744293000000000000e+06,3.520000000000000000e+03
2.744313000000000000e+06,3.556000000000000000e+03
2.744333000000000000e+06,3.646000000000000000e+03
2.744353000000000000e+06,3.681000000000000000e+03
2.744373000000000000e+06,3.765000000000000000e+03
2.744393000000000000e+06,3.779000000000000000e+03
2.744413000000000000e+06,3.823000000000000000e+03
2.744433000000000000e+06,3.834000000000000000e+03
2.744453000000000000e+06,3.838000000000000000e+03
2.744473000000000000e+06,3.857000000000000000e+03
2.744493000000000000e+06,3.835000000000000000e+03
2.744513000000000000e+06,3.841000000000000000e+03
2.744533000000000000e+06,3.815000000000000000e+03
2.744553000000000000e+06,3.800000000000000000e+03
2.744573000000000000e+06,3.791000000000000000e+03
2.744593000000000000e+06,3.777000000000000000e+03
2.744613000000000000e+06,3.789000000000000000e+03
2.744633000000000000e+06,3.774000000000000000e+03
2.744653000000000000e+06,3.780000000000000000e+03
2.744673000000000000e+06,3.782000000000000000e+03
2.744693000000000000e+06,3.776000000000000000e+03
2.744713000000000000e+06,3.770000000000000000e+03
2.744733000000000000e+06,3.773000000000000000e+03
2.744753000000000000e+06,3.759000000000000000e+03
2.744773000000000000e+06,3.757000000000000000e+03
2.744793000000000000e+06,3.734000000000000000e+03
2.744813000000000000e+06,3.734000000000000000e+03
2.744833000000000000e+06,3.713000000000000000e+03
2.744853000000000000e+06,3.703000000000000000e+03
2.744873000000000000e+06,3.688000000000000000e+03
2.744893000000000000e+06,3.679000000000000000e+03
2.744913000000000000e+06,3.671000000000000000e+03
2.744933000000000000e+06,3.655000000000000000e+03
2.744953000000000000e+06,3.653000000000000000e+03
2.744973000000000000e+06,3.632000000000000000e+03
2.744993000000000000e+06,3.640000000000000000e+03
2.745013000000000000e+06,3.615000000000000000e+03
2.745033000000000000e+06,3.622000000000000000e+03
2.745053000000000000e+06,3.605000000000000000e+03
2.745073000000000000e+06,3.598000000000000000e+03
2.745093000000000000e+06,3.588000000000000000e+03
2.745113000000000000e+06,3.595000000000000000e+03
2.745133000000000000e+06,3.677000000000000000e+03
2.745153000000000000e+06,3.704000000000000000e+03
2.745173000000000000e+06,3.820000000000000000e+03
2.745193000000000000e+06,3.852000000000000000e+03
2.745213000000000000e+06,3.931000000000000000e+03
2.745233000000000000e+06,3.947000000000000000e+03
2.745253000000000000e+06,3.985000000000000000e+03
2.745273000000000000e+06,3.994000000000000000e+03
2.745293000000000000e+06,4.012000000000000000e+03
2.745313000000000000e+06,4.020000000000000000e+03
2.745333000000000000e+06,4.008000000000000000e+03
2.745353000000000000e+06,4.001000000000000000e+03
2.745373000000000000e+06,3.981000000000000000e+03
2.745393000000000000e+06,3.977000000000000000e+03
2.745440000000000000e+06,3.951000000000000000e+03
2.745447000000000000e+06,3.933000000000000000e+03
2.745467000000000000e+06,3.941000000000000000e+03
2.745487000000000000e+06,3.930000000000000000e+03
2.745507000000000000e+06,3.923000000000000000e+03
2.745527000000000000e+06,3.929000000000000000e+03
2.745547000000000000e+06,3.900000000000000000e+03
2.745567000000000000e+06,3.911000000000000000e+03
2.745587000000000000e+06,3.881000000000000000e+03
2.745607000000000000e+06,3.893000000000000000e+03
2.745627000000000000e+06,3.870000000000000000e+03
2.745647000000000000e+06,3.859000000000000000e+03
2.745667000000000000e+06,3.856000000000000000e+03
2.745687000000000000e+06,3.844000000000000000e+03
2.745707000000000000e+06,3.842000000000000000e+03
2.745727000000000000e+06,3.815000000000000000e+03
2.745747000000000000e+06,3.827000000000000000e+03
2.745767000000000000e+06,3.807000000000000000e+03
2.745787000000000000e+06,3.810000000000000000e+03
2.745807000000000000e+06,3.790000000000000000e+03
2.745827000000000000e+06,3.787000000000000000e+03
2.745847000000000000e+06,3.777000000000000000e+03
2.745867000000000000e+06,3.772000000000000000e+03
2.745887000000000000e+06,3.753000000000000000e+03
2.745907000000000000e+06,3.746000000000000000e+03
2.745927000000000000e+06,3.777000000000000000e+03
2.745947000000000000e+06,3.807000000000000000e+03
2.745967000000000000e+06,3.907000000000000000e+03
2.745987000000000000e+06,3.945000000000000000e+03
2.746007000000000000e+06,4.040000000000000000e+03
2.746027000000000000e+06,4.065000000000000000e+03
2.746047000000000000e+06,4.130000000000000000e+03
2.746067000000000000e+06,4.125000000000000000e+03
2.746087000000000000e+06,4.149000000000000000e+03
2.746107000000000000e+06,4.149000000000000000e+03
2.746127000000000000e+06,4.158000000000000000e+03
2.746147000000000000e+06,4.149000000000000000e+03
2.746167000000000000e+06,4.115000000000000000e+03
2.746187000000000000e+06,4.120000000000000000e+03
2.746207000000000000e+06,4.097000000000000000e+03
2.746227000000000000e+06,4.097000000000000000e+03
2.746247000000000000e+06,4.092000000000000000e+03
2.746267000000000000e+06,4.093000000000000000e+03
2.746287000000000000e+06,4.089000000000000000e+03
2.746307000000000000e+06,4.078000000000000000e+03
2.746327000000000000e+06,4.083000000000000000e+03
2.746347000000000000e+06,4.058000000000000000e+03
2.746367000000000000e+06,4.057000000000000000e+03
2.746387000000000000e+06,4.030000000000000000e+03
2.746407000000000000e+06,4.024000000000000000e+03
2.746427000000000000e+06,4.003000000000000000e+03
2.746447000000000000e+06,3.993000000000000000e+03
2.746467000000000000e+06,3.971000000000000000e+03
2.746487000000000000e+06,3.971000000000000000e+03
2.746507000000000000e+06,3.944000000000000000e+03
2.746527000000000000e+06,3.947000000000000000e+03
2.746547000000000000e+06,3.925000000000000000e+03
2.746567000000000000e+06,3.928000000000000000e+03
2.746587000000000000e+06,3.900000000000000000e+03
2.746607000000000000e+06,3.898000000000000000e+03
2.746627000000000000e+06,3.880000000000000000e+03
2.746647000000000000e+06,3.861000000000000000e+03
2.746667000000000000e+06,3.856000000000000000e+03
2.746687000000000000e+06,3.836000000000000000e+03
2.746707000000000000e+06,3.831000000000000000e+03
2.746727000000000000e+06,3.809000000000000000e+03
2.746747000000000000e+06,3.795000000000000000e+03
2.746767000000000000e+06,3.795000000000000000e+03
2.746787000000000000e+06,3.837000000000000000e+03
2.746807000000000000e+06,3.861000000000000000e+03
2.746827000000000000e+06,3.970000000000000000e+03
2.746847000000000000e+06,3.989000000000000000e+03
2.746867000000000000e+06,4.088000000000000000e+03
2.746887000000000000e+06,4.093000000000000000e+03
2.746907000000000000e+06,4.151000000000000000e+03
2.746927000000000000e+06,4.148000000000000000e+03
2.746947000000000000e+06,4.169000000000000000e+03
2.746967000000000000e+06,4.165000000000000000e+03
2.746987000000000000e+06,4.160000000000000000e+03
2.747007000000000000e+06,4.153000000000000000e+03
2.747027000000000000e+06,4.127000000000000000e+03
2.747047000000000000e+06,4.126000000000000000e+03
2.747067000000000000e+06,4.102000000000000000e+03
2.747087000000000000e+06,4.111000000000000000e+03
2.747107000000000000e+06,4.098000000000000000e+03
2.747127000000000000e+06,4.101000000000000000e+03
2.747147000000000000e+06,4.095000000000000000e+03
2.747167000000000000e+06,4.102000000000000000e+03
2.747187000000000000e+06,4.087000000000000000e+03
2.747207000000000000e+06,4.082000000000000000e+03
2.747227000000000000e+06,4.065000000000000000e+03
2.747247000000000000e+06,4.057000000000000000e+03
2.747267000000000000e+06,4.036000000000000000e+03
2.747287000000000000e+06,4.029000000000000000e+03
2.747307000000000000e+06,4.009000000000000000e+03
2.747327000000000000e+06,4.000000000000000000e+03
2.747347000000000000e+06,3.980000000000000000e+03
2.747367000000000000e+06,3.970000000000000000e+03
2.747387000000000000e+06,3.953000000000000000e+03
2.747407000000000000e+06,3.950000000000000000e+03
2.747454000000000000e+06,3.916000000000000000e+03
2.747461000000000000e+06,3.912000000000000000e+03
2.747481000000000000e+06,3.903000000000000000e+03
2.747501000000000000e+06,3.884000000000000000e+03
2.747521000000000000e+06,3.878000000000000000e+03
2.747541000000000000e+06,3.865000000000000000e+03
2.747561000000000000e+06,3.857000000000000000e+03
2.747581000000000000e+06,3.860000000000000000e+03
2.747601000000000000e+06,3.835000000000000000e+03
2.747621000000000000e+06,3.852000000000000000e+03
2.747641000000000000e+06,3.815000000000000000e+03
2.747661000000000000e+06,3.867000000000000000e+03
2.747681000000000000e+06,3.873000000000000000e+03
2.747701000000000000e+06,3.974000000000000000e+03
2.747721000000000000e+06,4.006000000000000000e+03
2.747741000000000000e+06,4.088000000000000000e+03
2.747761000000000000e+06,4.116000000000000000e+03
2.747781000000000000e+06,4.157000000000000000e+03
2.747801000000000000e+06,4.170000000000000000e+03
2.747821000000000000e+06,4.169000000000000000e+03
2.747841000000000000e+06,4.188000000000000000e+03
2.747861000000000000e+06,4.174000000000000000e+03
2.747881000000000000e+06,4.174000000000000000e+03
2.747901000000000000e+06,4.150000000000000000e+03
2.747921000000000000e+06,4.145000000000000000e+03
2.747941000000000000e+06,4.138000000000000000e+03
2.747961000000000000e+06,4.126000000000000000e+03
2.747981000000000000e+06,4.118000000000000000e+03
2.748001000000000000e+06,4.125000000000000000e+03
2.748021000000000000e+06,4.111000000000000000e+03
2.748041000000000000e+06,4.110000000000000000e+03
2.748061000000000000e+06,4.093000000000000000e+03
2.748081000000000000e+06,4.091000000000000000e+03
2.748101000000000000e+06,4.088000000000000000e+03
2.748121000000000000e+06,4.067000000000000000e+03
2.748141000000000000e+06,4.062000000000000000e+03
2.748161000000000000e+06,4.040000000000000000e+03
2.748181000000000000e+06,4.026000000000000000e+03
2.748201000000000000e+06,4.007000000000000000e+03
2.748221000000000000e+06,3.991000000000000000e+03
2.748241000000000000e+06,3.981000000000000000e+03
2.748261000000000000e+06,3.956000000000000000e+03
2.748281000000000000e+06,3.962000000000000000e+03
2.748301000000000000e+06,3.937000000000000000e+03
2.748321000000000000e+06,3.936000000000000000e+03
2.748341000000000000e+06,3.929000000000000000e+03
2.748361000000000000e+06,3.911000000000000000e+03
2.748381000000000000e+06,3.913000000000000000e+03
2.748401000000000000e+06,3.887000000000000000e+03
2.748421000000000000e+06,3.893000000000000000e+03
2.748441000000000000e+06,3.864000000000000000e+03
2.748461000000000000e+06,3.861000000000000000e+03
2.748481000000000000e+06,3.845000000000000000e+03
2.748501000000000000e+06,3.838000000000000000e+03
2.748521000000000000e+06,3.814000000000000000e+03
2.748541000000000000e+06,3.815000000000000000e+03
2.748561000000000000e+06,3.847000000000000000e+03
2.748581000000000000e+06,3.877000000000000000e+03
2.748601000000000000e+06,3.980000000000000000e+03
2.748621000000000000e+06,4.028000000000000000e+03
2.748641000000000000e+06,4.105000000000000000e+03
2.748661000000000000e+06,4.141000000000000000e+03
2.748681000000000000e+06,4.179000000000000000e+03
2.748701000000000000e+06,4.186000000000000000e+03
2.748721000000000000e+06,4.207000000000000000e+03
2.748741000000000000e+06,4.187000000000000000e+03
2.748761000000000000e+06,4.191000000000000000e+03
2.748781000000000000e+06,4.172000000000000000e+03
2.748801000000000000e+06,4.162000000000000000e+03
2.748821000000000000e+06,4.146000000000000000e+03
2.748841000000000000e+06,4.139000000000000000e+03
2.748861000000000000e+06,4.139000000000000000e+03
2.748881000000000000e+06,4.136000000000000000e+03
2.748901000000000000e+06,4.134000000000000000e+03
2.748921000000000000e+06,4.143000000000000000e+03
2.748941000000000000e+06,4.127000000000000000e+03
2.748961000000000000e+06,4.126000000000000000e+03
2.748981000000000000e+06,4.108000000000000000e+03
2.749001000000000000e+06,4.101000000000000000e+03
2.749021000000000000e+06,4.084000000000000000e+03
2.749041000000000000e+06,4.074000000000000000e+03
2.749061000000000000e+06,4.057000000000000000e+03
2.749081000000000000e+06,4.045000000000000000e+03
2.749101000000000000e+06,4.033000000000000000e+03
2.749121000000000000e+06,4.002000000000000000e+03
2.749141000000000000e+06,4.007000000000000000e+03
2.749161000000000000e+06,3.977000000000000000e+03
2.749181000000000000e+06,3.984000000000000000e+03
2.749201000000000000e+06,3.957000000000000000e+03
2.749221000000000000e+06,3.956000000000000000e+03
2.749241000000000000e+06,3.942000000000000000e+03
2.749261000000000000e+06,3.933000000000000000e+03
2.749281000000000000e+06,3.919000000000000000e+03
2.749301000000000000e+06,3.911000000000000000e+03
2.749321000000000000e+06,3.896000000000000000e+03
2.749341000000000000e+06,3.890000000000000000e+03
2.749361000000000000e+06,3.875000000000000000e+03
2.749381000000000000e+06,3.867000000000000000e+03
2.749401000000000000e+06,3.853000000000000000e+03
2.749421000000000000e+06,3.850000000000000000e+03
2.749468000000000000e+06,3.956000000000000000e+03
2.749475000000000000e+06,4.005000000000000000e+03
2.749495000000000000e+06,4.035000000000000000e+03
2.749515000000000000e+06,4.147000000000000000e+03
2.749535000000000000e+06,4.170000000000000000e+03
2.749555000000000000e+06,4.232000000000000000e+03
2.749575000000000000e+06,4.246000000000000000e+03
2.749595000000000000e+06,4.260000000000000000e+03
2.749615000000000000e+06,4.267000000000000000e+03
2.749635000000000000e+06,4.269000000000000000e+03
2.749655000000000000e+06,4.253000000000000000e+03
2.749675000000000000e+06,4.257000000000000000e+03
2.749695000000000000e+06,4.226000000000000000e+03
2.749715000000000000e+06,4.230000000000000000e+03
2.749735000000000000e+06,4.202000000000000000e+03
2.749755000000000000e+06,4.219000000000000000e+03
2.749775000000000000e+06,4.195000000000000000e+03
2.749795000000000000e+06,4.198000000000000000e+03
2.749815000000000000e+06,4.191000000000000000e+03
2.749835000000000000e+06,4.183000000000000000e+03
2.749855000000000000e+06,4.178000000000000000e+03
2.749875000000000000e+06,4.151000000000000000e+03
2.749895000000000000e+06,4.151000000000000000e+03
2.749915000000000000e+06,4.115000000000000000e+03
2.749935000000000000e+06,4.118000000000000000e+03
2.749955000000000000e+06,4.074000000000000000e+03
2.749975000000000000e+06,4.069000000000000000e+03
2.749995000000000000e+06,4.037000000000000000e+03
2.750015000000000000e+06,4.032000000000000000e+03
2.750035000000000000e+06,4.009000000000000000e+03
2.750055000000000000e+06,3.999000000000000000e+03
2.750075000000000000e+06,3.962000000000000000e+03
2.750095000000000000e+06,3.964000000000000000e+03
2.750115000000000000e+06,3.938000000000000000e+03
2.750135000000000000e+06,3.936000000000000000e+03
2.750155000000000000e+06,3.912000000000000000e+03
2.750175000000000000e+06,3.907000000000000000e+03
2.750195000000000000e+06,3.908000000000000000e+03
2.750215000000000000e+06,3.885000000000000000e+03
2.750235000000000000e+06,3.894000000000000000e+03
2.750255000000000000e+06,3.876000000000000000e+03
2.750275000000000000e+06,3.861000000000000000e+03
2.750295000000000000e+06,3.853000000000000000e+03
2.750315000000000000e+06,3.881000000000000000e+03
2.750335000000000000e+06,3.910000000000000000e+03
2.750355000000000000e+06,4.012000000000000000e+03
2.750375000000000000e+06,4.054000000000000000e+03
2.750395000000000000e+06,4.136000000000000000e+03
2.750415000000000000e+06,4.169000000000000000e+03
2.750435000000000000e+06,4.192000000000000000e+03
2.750455000000000000e+06,4.218000000000000000e+03
2.750475000000000000e+06,4.234000000000000000e+03
2.750495000000000000e+06,4.233000000000000000e+03
2.750515000000000000e+06,4.234000000000000000e+03
2.750535000000000000e+06,4.206000000000000000e+03
2.750555000000000000e+06,4.204000000000000000e+03
2.750575000000000000e+06,4.170000000000000000e+03
2.750595000000000000e+06,4.166000000000000000e+03
2.750615000000000000e+06,4.149000000000000000e+03
2.750635000000000000e+06,4.149000000000000000e+03
2.750655000000000000e+06,4.139000000000000000e+03
2.750675000000000000e+06,4.145000000000000000e+03
2.750695000000000000e+06,4.131000000000000000e+03
2.750715000000000000e+06,4.140000000000000000e+03
2.750735000000000000e+06,4.119000000000000000e+03
2.750755000000000000e+06,4.116000000000000000e+03
2.750775000000000000e+06,4.096000000000000000e+03
2.750795000000000000e+06,4.077000000000000000e+03
2.750815000000000000e+06,4.062000000000000000e+03
2.750835000000000000e+06,4.041000000000000000e+03
2.750855000000000000e+06,4.040000000000000000e+03
2.750875000000000000e+06,4.011000000000000000e+03
2.750895000000000000e+06,4.003000000000000000e+03
2.750915000000000000e+06,4.000000000000000000e+03
2.750935000000000000e+06,3.987000000000000000e+03
2.750955000000000000e+06,3.976000000000000000e+03
2.750975000000000000e+06,3.972000000000000000e+03
2.750995000000000000e+06,3.955000000000000000e+03
2.751015000000000000e+06,3.958000000000000000e+03
2.751035000000000000e+06,3.932000000000000000e+03
2.751055000000000000e+06,3.932000000000000000e+03
2.751075000000000000e+06,3.912000000000000000e+03
2.751095000000000000e+06,3.902000000000000000e+03
2.751115000000000000e+06,3.894000000000000000e+03
2.751135000000000000e+06,3.877000000000000000e+03
2.751155000000000000e+06,3.865000000000000000e+03
2.751175000000000000e+06,3.883000000000000000e+03
2.751195000000000000e+06,3.915000000000000000e+03
2.751215000000000000e+06,4.012000000000000000e+03
2.751235000000000000e+06,4.059000000000000000e+03
2.751255000000000000e+06,4.144000000000000000e+03
2.751275000000000000e+06,4.175000000000000000e+03
2.751295000000000000e+06,4.221000000000000000e+03
2.751315000000000000e+06,4.233000000000000000e+03
2.751335000000000000e+06,4.252000000000000000e+03
2.751355000000000000e+06,4.249000000000000000e+03
2.751375000000000000e+06,4.250000000000000000e+03
2.751395000000000000e+06,4.240000000000000000e+03
2.751415000000000000e+06,4.216000000000000000e+03
2.751435000000000000e+06,4.213000000000000000e+03
2.751482000000000000e+06,4.181000000000000000e+03
2.751489000000000000e+06,4.191000000000000000e+03
2.751509000000000000e+06,4.178000000000000000e+03
2.751529000000000000e+06,4.186000000000000000e+03
2.751549000000000000e+06,4.170000000000000000e+03
2.751569000000000000e+06,4.165000000000000000e+03
2.751589000000000000e+06,4.145000000000000000e+03
2.751609000000000000e+06,4.129000000000000000e+03
2.751629000000000000e+06,4.123000000000000000e+03
2.751649000000000000e+06,4.090000000000000000e+03
2.751669000000000000e+06,4.085000000000000000e+03
2.751689000000000000e+06,4.060000000000000000e+03
2.751709000000000000e+06,4.057000000000000000e+03
2.751729000000000000e+06,4.038000000000000000e+03
2.751749000000000000e+06,4.026000000000000000e+03
2.751769000000000000e+06,4.035000000000000000e+03
2.751789000000000000e+06,3.994000000000000000e+03
2.751809000000000000e+06,4.002000000000000000e+03
2.751829000000000000e+06,3.964000000000000000e+03
2.751849000000000000e+06,3.958000000000000000e+03
2.751869000000000000e+06,3.928000000000000000e+03
2.751889000000000000e+06,3.918000000000000000e+03
2.751909000000000000e+06,3.899000000000000000e+03
2.751929000000000000e+06,3.876000000000000000e+03
2.751949000000000000e+06,3.870000000000000000e+03
2.751969000000000000e+06,3.828000000000000000e+03
2.751989000000000000e+06,3.843000000000000000e+03
2.752009000000000000e+06,3.888000000000000000e+03
2.752029000000000000e+06,3.921000000000000000e+03
2.752049000000000000e+06,4.014000000000000000e+03
2.752069000000000000e+06,4.042000000000000000e+03
2.752089000000000000e+06,4.115000000000000000e+03
2.752109000000000000e+06,4.124000000000000000e+03
2.752129000000000000e+06,4.152000000000000000e+03
2.752149000000000000e+06,4.158000000000000000e+03
2.752169000000000000e+06,4.150000000000000000e+03
2.752189000000000000e+06,4.153000000000000000e+03
2.752209000000000000e+06,4.140000000000000000e+03
2.752229000000000000e+06,4.137000000000000000e+03
2.752249000000000000e+06,4.112000000000000000e+03
2.752269000000000000e+06,4.101000000000000000e+03
2.752289000000000000e+06,4.090000000000000000e+03
2.752309000000000000e+06,4.068000000000000000e+03
2.752329000000000000e+06,4.052000000000000000e+03
2.752349000000000000e+06,4.041000000000000000e+03
2.752369000000000000e+06,4.021000000000000000e+03
2.752389000000000000e+06,4.008000000000000000e+03
2.752409000000000000e+06,3.971000000000000000e+03
2.752429000000000000e+06,3.971000000000000000e+03
2.752449000000000000e+06,3.928000000000000000e+03
2.752469000000000000e+06,3.922000000000000000e+03
2.752489000000000000e+06,3.914000000000000000e+03
2.752509000000000000e+06,3.881000000000000000e+03
2.752529000000000000e+06,3.876000000000000000e+03
2.752549000000000000e+06,3.841000000000000000e+03
2.752569000000000000e+06,3.837000000000000000e+03
2.752589000000000000e+06,3.806000000000000000e+03
2.752609000000000000e+06,3.799000000000000000e+03
2.752629000000000000e+06,3.777000000000000000e+03
2.752649000000000000e+06,3.769000000000000000e+03
2.752669000000000000e+06,3.753000000000000000e+03
2.752689000000000000e+06,3.745000000000000000e+03
2.752709000000000000e+06,3.732000000000000000e+03
2.752729000000000000e+06,3.737000000000000000e+03
2.752749000000000000e+06,3.726000000000000000e+03
2.752769000000000000e+06,3.735000000000000000e+03
2.752789000000000000e+06,3.719000000000000000e+03
2.752809000000000000e+06,3.738000000000000000e+03
2.752829000000000000e+06,3.787000000000000000e+03
2.752849000000000000e+06,3.826000000000000000e+03
2.752869000000000000e+06,3.918000000000000000e+03
2.752889000000000000e+06,3.929000000000000000e+03
2.752909000000000000e+06,4.014000000000000000e+03
2.752929000000000000e+06,4.013000000000000000e+03
2.752949000000000000e+06,4.061000000000000000e+03
2.752969000000000000e+06,4.060000000000000000e+03
2.752989000000000000e+06,4.077000000000000000e+03
2.753009000000000000e+06,4.070000000000000000e+03
2.753029000000000000e+06,4.064000000000000000e+03
2.753049000000000000e+06,4.045000000000000000e+03
2.753069000000000000e+06,4.047000000000000000e+03
2.753089000000000000e+06,4.022000000000000000e+03
2.753109000000000000e+06,4.030000000000000000e+03
2.753129000000000000e+06,4.021000000000000000e+03
2.753149000000000000e+06,4.045000000000000000e+03
2.753169000000000000e+06,4.040000000000000000e+03
2.753189000000000000e+06,4.057000000000000000e+03
2.753209000000000000e+06,4.050000000000000000e+03
2.753229000000000000e+06,4.052000000000000000e+03
2.753249000000000000e+06,4.053000000000000000e+03
2.753269000000000000e+06,4.044000000000000000e+03
2.753289000000000000e+06,4.055000000000000000e+03
2.753309000000000000e+06,4.032000000000000000e+03
2.753329000000000000e+06,4.045000000000000000e+03
2.753349000000000000e+06,4.016000000000000000e+03
2.753369000000000000e+06,4.015000000000000000e+03
2.753389000000000000e+06,3.995000000000000000e+03
2.753409000000000000e+06,3.988000000000000000e+03
2.753429000000000000e+06,3.981000000000000000e+03
2.753449000000000000e+06,3.977000000000000000e+03
2.753496000000000000e+06,3.967000000000000000e+03
2.753503000000000000e+06,3.975000000000000000e+03
2.753523000000000000e+06,3.985000000000000000e+03
2.753543000000000000e+06,3.975000000000000000e+03
2.753563000000000000e+06,3.967000000000000000e+03
2.753583000000000000e+06,3.965000000000000000e+03
2.753603000000000000e+06,3.944000000000000000e+03
2.753623000000000000e+06,3.988000000000000000e+03
2.753643000000000000e+06,4.004000000000000000e+03
2.753663000000000000e+06,4.094000000000000000e+03
2.753683000000000000e+06,4.116000000000000000e+03
2.753703000000000000e+06,4.182000000000000000e+03
2.753723000000000000e+06,4.193000000000000000e+03
2.753743000000000000e+06,4.213000000000000000e+03
2.753763000000000000e+06,4.219000000000000000e+03
2.753783000000000000e+06,4.207000000000000000e+03
2.753803000000000000e+06,4.191000000000000000e+03
2.753823000000000000e+06,4.171000000000000000e+03
2.753843000000000000e+06,4.135000000000000000e+03
2.753863000000000000e+06,4.135000000000000000e+03
2.753883000000000000e+06,4.097000000000000000e+03
2.753903000000000000e+06,4.102000000000000000e+03
2.753923000000000000e+06,4.068000000000000000e+03
2.753943000000000000e+06,4.072000000000000000e+03
2.753963000000000000e+06,4.060000000000000000e+03
2.753983000000000000e+06,4.045000000000000000e+03
2.754003000000000000e+06,4.041000000000000000e+03
2.754023000000000000e+06,4.007000000000000000e+03
2.754043000000000000e+06,4.001000000000000000e+03
2.754063000000000000e+06,3.976000000000000000e+03
2.754083000000000000e+06,3.970000000000000000e+03
2.754103000000000000e+06,3.941000000000000000e+03
2.754123000000000000e+06,3.935000000000000000e+03
2.754143000000000000e+06,3.901000000000000000e+03
2.754163000000000000e+06,3.889000000000000000e+03
2.754183000000000000e+06,3.861000000000000000e+03
2.754203000000000000e+06,3.858000000000000000e+03
2.754223000000000000e+06,3.828000000000000000e+03
2.754243000000000000e+06,3.829000000000000000e+03
2.754263000000000000e+06,3.806000000000000000e+03
2.754283000000000000e+06,3.800000000000000000e+03
2.754303000000000000e+06,3.779000000000000000e+03
2.754323000000000000e+06,3.767000000000000000e+03
2.754343000000000000e+06,3.758000000000000000e+03
2.754363000000000000e+06,3.736000000000000000e+03
2.754383000000000000e+06,3.727000000000000000e+03
2.754403000000000000e+06,3.706000000000000000e+03
2.754423000000000000e+06,3.743000000000000000e+03
2.754443000000000000e+06,3.751000000000000000e+03
2.754463000000000000e+06,3.814000000000000000e+03
2.754483000000000000e+06,3.839000000000000000e+03
2.754503000000000000e+06,3.872000000000000000e+03
2.754523000000000000e+06,3.887000000000000000e+03
2.754543000000000000e+06,3.889000000000000000e+03
2.754563000000000000e+06,3.896000000000000000e+03
2.754583000000000000e+06,3.893000000000000000e+03
2.754603000000000000e+06,3.867000000000000000e+03
2.754623000000000000e+06,3.856000000000000000e+03
2.754643000000000000e+06,3.821000000000000000e+03
2.754663000000000000e+06,3.816000000000000000e+03
2.754683000000000000e+06,3.787000000000000000e+03
2.754703000000000000e+06,3.787000000000000000e+03
2.754723000000000000e+06,3.780000000000000000e+03
2.754743000000000000e+06,3.773000000000000000e+03
2.754763000000000000e+06,3.773000000000000000e+03
2.754783000000000000e+06,3.777000000000000000e+03
2.754803000000000000e+06,3.763000000000000000e+03
2.754823000000000000e+06,3.765000000000000000e+03
2.754843000000000000e+06,3.741000000000000000e+03
2.754863000000000000e+06,3.753000000000000000e+03
2.754883000000000000e+06,3.717000000000000000e+03
2.754903000000000000e+06,3.720000000000000000e+03
2.754923000000000000e+06,3.700000000000000000e+03
2.754943000000000000e+06,3.670000000000000000e+03
2.754963000000000000e+06,3.670000000000000000e+03
2.754983000000000000e+06,3.648000000000000000e+03
2.755003000000000000e+06,3.646000000000000000e+03
2.755023000000000000e+06,3.632000000000000000e+03
2.755043000000000000e+06,3.624000000000000000e+03
2.755063000000000000e+06,3.625000000000000000e+03
2.755083000000000000e+06,3.609000000000000000e+03
2.755103000000000000e+06,3.605000000000000000e+03
2.755123000000000000e+06,3.607000000000000000e+03
2.755143000000000000e+06,3.585000000000000000e+03
2.755163000000000000e+06,3.591000000000000000e+03
2.755183000000000000e+06,3.570000000000000000e+03
2.755203000000000000e+06,3.567000000000000000e+03
2.755223000000000000e+06,3.551000000000000000e+03
2.755243000000000000e+06,3.615000000000000000e+03
2.755263000000000000e+06,3.638000000000000000e+03
2.755283000000000000e+06,3.716000000000000000e+03
2.755303000000000000e+06,3.736000000000000000e+03
2.755323000000000000e+06,3.785000000000000000e+03
2.755343000000000000e+06,3.797000000000000000e+03
2.755363000000000000e+06,3.803000000000000000e+03
2.755383000000000000e+06,3.819000000000000000e+03
2.755403000000000000e+06,3.797000000000000000e+03
2.755423000000000000e+06,3.808000000000000000e+03
2.755443000000000000e+06,3.786000000000000000e+03
2.755463000000000000e+06,3.783000000000000000e+03
2.755510000000000000e+06,3.753000000000000000e+03
2.755516000000000000e+06,3.740000000000000000e+03
2.755536000000000000e+06,3.752000000000000000e+03
2.755556000000000000e+06,3.738000000000000000e+03
2.755576000000000000e+06,3.749000000000000000e+03
2.755596000000000000e+06,3.731000000000000000e+03
2.755616000000000000e+06,3.742000000000000000e+03
2.755636000000000000e+06,3.721000000000000000e+03
2.755656000000000000e+06,3.726000000000000000e+03
2.755676000000000000e+06,3.707000000000000000e+03
2.755696000000000000e+06,3.704000000000000000e+03
2.755716000000000000e+06,3.686000000000000000e+03
2.755736000000000000e+06,3.680000000000000000e+03
2.755756000000000000e+06,3.654000000000000000e+03
2.755776000000000000e+06,3.655000000000000000e+03
2.755796000000000000e+06,3.633000000000000000e+03
2.755816000000000000e+06,3.633000000000000000e+03
2.755836000000000000e+06,3.614000000000000000e+03
2.755856000000000000e+06,3.611000000000000000e+03
2.755876000000000000e+06,3.615000000000000000e+03
2.755896000000000000e+06,3.598000000000000000e+03
2.755916000000000000e+06,3.598000000000000000e+03
2.755936000000000000e+06,3.583000000000000000e+03
2.755956000000000000e+06,3.572000000000000000e+03
2.755976000000000000e+06,3.561000000000000000e+03
2.755996000000000000e+06,3.545000000000000000e+03
2.756016000000000000e+06,3.542000000000000000e+03
2.756036000000000000e+06,3.571000000000000000e+03
2.756056000000000000e+06,3.599000000000000000e+03
2.756076000000000000e+06,3.650000000000000000e+03
2.756096000000000000e+06,3.675000000000000000e+03
2.756116000000000000e+06,3.692000000000000000e+03
2.756136000000000000e+06,3.721000000000000000e+03
2.756156000000000000e+06,3.735000000000000000e+03
2.756176000000000000e+06,3.747000000000000000e+03
2.756196000000000000e+06,3.756000000000000000e+03
2.756216000000000000e+06,3.748000000000000000e+03
2.756236000000000000e+06,3.753000000000000000e+03
2.756256000000000000e+06,3.744000000000000000e+03
2.756276000000000000e+06,3.744000000000000000e+03
2.756296000000000000e+06,3.737000000000000000e+03
2.756316000000000000e+06,3.729000000000000000e+03
2.756336000000000000e+06,3.725000000000000000e+03
2.756356000000000000e+06,3.731000000000000000e+03
2.756376000000000000e+06,3.719000000000000000e+03
2.756396000000000000e+06,3.737000000000000000e+03
2.756416000000000000e+06,3.717000000000000000e+03
2.756436000000000000e+06,3.726000000000000000e+03
2.756456000000000000e+06,3.715000000000000000e+03
2.756476000000000000e+06,3.695000000000000000e+03
2.756496000000000000e+06,3.688000000000000000e+03
2.756516000000000000e+06,3.666000000000000000e+03
2.756536000000000000e+06,3.672000000000000000e+03
2.756556000000000000e+06,3.649000000000000000e+03
2.756576000000000000e+06,3.650000000000000000e+03
2.756596000000000000e+06,3.647000000000000000e+03
2.756616000000000000e+06,3.639000000000000000e+03
2.756636000000000000e+06,3.628000000000000000e+03
2.756656000000000000e+06,3.629000000000000000e+03
2.756676000000000000e+06,3.611000000000000000e+03
2.756696000000000000e+06,3.616000000000000000e+03
2.756716000000000000e+06,3.593000000000000000e+03
2.756736000000000000e+06,3.597000000000000000e+03
2.756756000000000000e+06,3.580000000000000000e+03
2.756776000000000000e+06,3.575000000000000000e+03
2.756796000000000000e+06,3.566000000000000000e+03
2.756816000000000000e+06,3.561000000000000000e+03
2.756836000000000000e+06,3.564000000000000000e+03
2.756856000000000000e+06,3.598000000000000000e+03
2.756876000000000000e+06,3.619000000000000000e+03
2.756896000000000000e+06,3.650000000000000000e+03
2.756916000000000000e+06,3.677000000000000000e+03
2.756936000000000000e+06,3.690000000000000000e+03
2.756956000000000000e+06,3.704000000000000000e+03
2.756976000000000000e+06,3.714000000000000000e+03
2.756996000000000000e+06,3.720000000000000000e+03
2.757016000000000000e+06,3.723000000000000000e+03
2.757036000000000000e+06,3.729000000000000000e+03
2.757056000000000000e+06,3.725000000000000000e+03
2.757076000000000000e+06,3.722000000000000000e+03
2.757096000000000000e+06,3.715000000000000000e+03
2.757116000000000000e+06,3.711000000000000000e+03
2.757136000000000000e+06,3.708000000000000000e+03
2.757156000000000000e+06,3.704000000000000000e+03
2.757176000000000000e+06,3.704000000000000000e+03
2.757196000000000000e+06,3.705000000000000000e+03
2.757216000000000000e+06,3.698000000000000000e+03
2.757236000000000000e+06,3.698000000000000000e+03
2.757256000000000000e+06,3.684000000000000000e+03
2.757276000000000000e+06,3.678000000000000000e+03
2.757296000000000000e+06,3.670000000000000000e+03
2.757316000000000000e+06,3.662000000000000000e+03
2.757336000000000000e+06,3.647000000000000000e+03
2.757356000000000000e+06,3.651000000000000000e+03
2.757376000000000000e+06,3.638000000000000000e+03
2.757396000000000000e+06,3.630000000000000000e+03
2.757416000000000000e+06,3.626000000000000000e+03
2.757436000000000000e+06,3.617000000000000000e+03
2.757456000000000000e+06,3.615000000000000000e+03
2.757476000000000000e+06,3.604000000000000000e+03
2.757523000000000000e+06,3.592000000000000000e+03
2.757530000000000000e+06,3.585000000000000000e+03
2.757550000000000000e+06,3.580000000000000000e+03
2.757570000000000000e+06,3.573000000000000000e+03
2.757590000000000000e+06,3.565000000000000000e+03
2.757610000000000000e+06,3.553000000000000000e+03
2.757630000000000000e+06,3.549000000000000000e+03
2.757650000000000000e+06,3.549000000000000000e+03
2.757670000000000000e+06,3.582000000000000000e+03
2.757690000000000000e+06,3.618000000000000000e+03
2.757710000000000000e+06,3.632000000000000000e+03
2.757730000000000000e+06,3.662000000000000000e+03
2.757750000000000000e+06,3.672000000000000000e+03
2.757770000000000000e+06,3.687000000000000000e+03
2.757790000000000000e+06,3.689000000000000000e+03
2.757810000000000000e+06,3.691000000000000000e+03
2.757830000000000000e+06,3.696000000000000000e+03
2.757850000000000000e+06,3.692000000000000000e+03
2.757870000000000000e+06,3.687000000000000000e+03
2.757890000000000000e+06,3.681000000000000000e+03
2.757910000000000000e+06,3.681000000000000000e+03
2.757930000000000000e+06,3.687000000000000000e+03
2.757950000000000000e+06,3.678000000000000000e+03
2.757970000000000000e+06,3.691000000000000000e+03
2.757990000000000000e+06,3.672000000000000000e+03
2.758010000000000000e+06,3.673000000000000000e+03
2.758030000000000000e+06,3.670000000000000000e+03
2.758050000000000000e+06,3.660000000000000000e+03
2.758070000000000000e+06,3.661000000000000000e+03
2.758090000000000000e+06,3.646000000000000000e+03
2.758110000000000000e+06,3.656000000000000000e+03
2.758130000000000000e+06,3.638000000000000000e+03
2.758150000000000000e+06,3.642000000000000000e+03
2.758170000000000000e+06,3.638000000000000000e+03
2.758190000000000000e+06,3.635000000000000000e+03
2.758210000000000000e+06,3.639000000000000000e+03
2.758230000000000000e+06,3.620000000000000000e+03
2.758250000000000000e+06,3.629000000000000000e+03
2.758270000000000000e+06,3.606000000000000000e+03
2.758290000000000000e+06,3.609000000000000000e+03
2.758310000000000000e+06,3.592000000000000000e+03
2.758330000000000000e+06,3.592000000000000000e+03
2.758350000000000000e+06,3.579000000000000000e+03
2.758370000000000000e+06,3.586000000000000000e+03
2.758390000000000000e+06,3.572000000000000000e+03
2.758410000000000000e+06,3.567000000000000000e+03
2.758430000000000000e+06,3.565000000000000000e+03
2.758450000000000000e+06,3.577000000000000000e+03
2.758470000000000000e+06,3.556000000000000000e+03
2.758490000000000000e+06,3.563000000000000000e+03
2.758510000000000000e+06,3.587000000000000000e+03
2.758530000000000000e+06,3.582000000000000000e+03
2.758550000000000000e+06,3.639000000000000000e+03
2.758570000000000000e+06,3.624000000000000000e+03
2.758590000000000000e+06,3.668000000000000000e+03
2.758610000000000000e+06,3.659000000000000000e+03
2.758630000000000000e+06,3.675000000000000000e+03
2.758650000000000000e+06,3.683000000000000000e+03
2.758670000000000000e+06,3.693000000000000000e+03
2.758690000000000000e+06,3.682000000000000000e+03
2.758710000000000000e+06,3.692000000000000000e+03
2.758730000000000000e+06,3.674000000000000000e+03
2.758750000000000000e+06,3.687000000000000000e+03
2.758770000000000000e+06,3.668000000000000000e+03
2.758790000000000000e+06,3.676000000000000000e+03
2.758810000000000000e+06,3.663000000000000000e+03
2.758830000000000000e+06,3.673000000000000000e+03
2.758850000000000000e+06,3.665000000000000000e+03
2.758870000000000000e+06,3.664000000000000000e+03
2.758890000000000000e+06,3.659000000000000000e+03
2.758910000000000000e+06,3.642000000000000000e+03
2.758930000000000000e+06,3.652000000000000000e+03
2.758950000000000000e+06,3.633000000000000000e+03
2.758970000000000000e+06,3.639000000000000000e+03
2.758990000000000000e+06,3.621000000000000000e+03
2.759010000000000000e+06,3.626000000000000000e+03
2.759030000000000000e+06,3.613000000000000000e+03
2.759050000000000000e+06,3.610000000000000000e+03
2.759070000000000000e+06,3.599000000000000000e+03
2.759090000000000000e+06,3.596000000000000000e+03
2.759110000000000000e+06,3.583000000000000000e+03
2.759130000000000000e+06,3.581000000000000000e+03
2.759150000000000000e+06,3.571000000000000000e+03
2.759170000000000000e+06,3.569000000000000000e+03
2.759190000000000000e+06,3.560000000000000000e+03
2.759210000000000000e+06,3.551000000000000000e+03
2.759230000000000000e+06,3.543000000000000000e+03
2.759250000000000000e+06,3.538000000000000000e+03
2.759270000000000000e+06,3.528000000000000000e+03
2.759290000000000000e+06,3.528000000000000000e+03
2.759310000000000000e+06,3.514000000000000000e+03
2.759330000000000000e+06,3.517000000000000000e+03
2.759350000000000000e+06,3.539000000000000000e+03
2.759370000000000000e+06,3.553000000000000000e+03
2.759390000000000000e+06,3.592000000000000000e+03
2.759410000000000000e+06,3.603000000000000000e+03
2.759430000000000000e+06,3.627000000000000000e+03
2.759450000000000000e+06,3.627000000000000000e+03
2.759470000000000000e+06,3.644000000000000000e+03
2.759490000000000000e+06,3.645000000000000000e+03
2.759538000000000000e+06,3.646000000000000000e+03
2.759544000000000000e+06,3.649000000000000000e+03
2.759564000000000000e+06,3.638000000000000000e+03
2.759584000000000000e+06,3.640000000000000000e+03
2.759604000000000000e+06,3.633000000000000000e+03
2.759624000000000000e+06,3.617000000000000000e+03
2.759644000000000000e+06,3.630000000000000000e+03
2.759664000000000000e+06,3.619000000000000000e+03
2.759684000000000000e+06,3.631000000000000000e+03
2.759704000000000000e+06,3.602000000000000000e+03
2.759724000000000000e+06,3.623000000000000000e+03
2.759744000000000000e+06,3.610000000000000000e+03
2.759764000000000000e+06,3.617000000000000000e+03
2.759784000000000000e+06,3.608000000000000000e+03
2.759804000000000000e+06,3.605000000000000000e+03
2.759824000000000000e+06,3.601000000000000000e+03
2.759844000000000000e+06,3.596000000000000000e+03
2.759864000000000000e+06,3.583000000000000000e+03
2.759884000000000000e+06,3.582000000000000000e+03
2.759904000000000000e+06,3.569000000000000000e+03
2.759924000000000000e+06,3.568000000000000000e+03
2.759944000000000000e+06,3.555000000000000000e+03
2.759964000000000000e+06,3.556000000000000000e+03
2.759984000000000000e+06,3.556000000000000000e+03
2.760004000000000000e+06,3.545000000000000000e+03
2.760024000000000000e+06,3.542000000000000000e+03
2.760044000000000000e+06,3.528000000000000000e+03
2.760064000000000000e+06,3.524000000000000000e+03
2.760084000000000000e+06,3.512000000000000000e+03
2.760104000000000000e+06,3.508000000000000000e+03
2.760124000000000000e+06,3.501000000000000000e+03
2.760144000000000000e+06,3.475000000000000000e+03
2.760164000000000000e+06,3.484000000000000000e+03
2.760184000000000000e+06,3.487000000000000000e+03
2.760204000000000000e+06,3.503000000000000000e+03
2.760224000000000000e+06,3.541000000000000000e+03
2.760244000000000000e+06,3.563000000000000000e+03
2.760264000000000000e+06,3.575000000000000000e+03
2.760284000000000000e+06,3.613000000000000000e+03
2.760304000000000000e+06,3.638000000000000000e+03
2.760324000000000000e+06,3.650000000000000000e+03
2.760344000000000000e+06,3.664000000000000000e+03
2.760364000000000000e+06,3.669000000000000000e+03
2.760384000000000000e+06,3.679000000000000000e+03
2.760404000000000000e+06,3.671000000000000000e+03
2.760424000000000000e+06,3.672000000000000000e+03
2.760444000000000000e+06,3.663000000000000000e+03
2.760464000000000000e+06,3.665000000000000000e+03
2.760484000000000000e+06,3.662000000000000000e+03
2.760504000000000000e+06,3.674000000000000000e+03
2.760524000000000000e+06,3.670000000000000000e+03
2.760544000000000000e+06,3.692000000000000000e+03
2.760564000000000000e+06,3.675000000000000000e+03
2.760584000000000000e+06,3.683000000000000000e+03
2.760604000000000000e+06,3.682000000000000000e+03
2.760624000000000000e+06,3.665000000000000000e+03
2.760644000000000000e+06,3.672000000000000000e+03
2.760664000000000000e+06,3.654000000000000000e+03
2.760684000000000000e+06,3.666000000000000000e+03
2.760704000000000000e+06,3.655000000000000000e+03
2.760724000000000000e+06,3.658000000000000000e+03
2.760744000000000000e+06,3.658000000000000000e+03
2.760764000000000000e+06,3.651000000000000000e+03
2.760784000000000000e+06,3.643000000000000000e+03
2.760804000000000000e+06,3.653000000000000000e+03
2.760824000000000000e+06,3.641000000000000000e+03
2.760844000000000000e+06,3.645000000000000000e+03
2.760864000000000000e+06,3.626000000000000000e+03
2.760884000000000000e+06,3.631000000000000000e+03
2.760904000000000000e+06,3.620000000000000000e+03
2.760924000000000000e+06,3.619000000000000000e+03
2.760944000000000000e+06,3.606000000000000000e+03
2.760964000000000000e+06,3.606000000000000000e+03
2.760984000000000000e+06,3.595000000000000000e+03
2.761004000000000000e+06,3.573000000000000000e+03
2.761024000000000000e+06,3.585000000000000000e+03
2.761044000000000000e+06,3.577000000000000000e+03
2.761064000000000000e+06,3.602000000000000000e+03
2.761084000000000000e+06,3.647000000000000000e+03
2.761104000000000000e+06,3.673000000000000000e+03
2.761124000000000000e+06,3.724000000000000000e+03
2.761144000000000000e+06,3.744000000000000000e+03
2.761164000000000000e+06,3.780000000000000000e+03
2.761184000000000000e+06,3.788000000000000000e+03
2.761204000000000000e+06,3.809000000000000000e+03
2.761224000000000000e+06,3.807000000000000000e+03
2.761244000000000000e+06,3.815000000000000000e+03
2.761264000000000000e+06,3.817000000000000000e+03
2.761284000000000000e+06,3.817000000000000000e+03
2.761304000000000000e+06,3.809000000000000000e+03
2.761324000000000000e+06,3.807000000000000000e+03
2.761344000000000000e+06,3.809000000000000000e+03
2.761364000000000000e+06,3.813000000000000000e+03
2.761384000000000000e+06,3.812000000000000000e+03
2.761404000000000000e+06,3.809000000000000000e+03
2.761424000000000000e+06,3.805000000000000000e+03
2.761444000000000000e+06,3.804000000000000000e+03
2.761464000000000000e+06,3.803000000000000000e+03
2.761484000000000000e+06,3.795000000000000000e+03
2.761504000000000000e+06,3.789000000000000000e+03
2.761551000000000000e+06,3.769000000000000000e+03
2.761558000000000000e+06,3.764000000000000000e+03
2.761578000000000000e+06,3.757000000000000000e+03
2.761598000000000000e+06,3.772000000000000000e+03
2.761618000000000000e+06,3.735000000000000000e+03
2.761638000000000000e+06,3.744000000000000000e+03
2.761658000000000000e+06,3.723000000000000000e+03
2.761678000000000000e+06,3.722000000000000000e+03
2.761698000000000000e+06,3.704000000000000000e+03
2.761718000000000000e+06,3.694000000000000000e+03
2.761738000000000000e+06,3.690000000000000000e+03
2.761758000000000000e+06,3.667000000000000000e+03
2.761778000000000000e+06,3.667000000000000000e+03
2.761798000000000000e+06,3.646000000000000000e+03
2.761818000000000000e+06,3.653000000000000000e+03
2.761838000000000000e+06,3.632000000000000000e+03
2.761858000000000000e+06,3.649000000000000000e+03
2.761878000000000000e+06,3.673000000000000000e+03
2.761898000000000000e+06,3.692000000000000000e+03
2.761918000000000000e+06,3.758000000000000000e+03
2.761938000000000000e+06,3.785000000000000000e+03
2.761958000000000000e+06,3.838000000000000000e+03
2.761978000000000000e+06,3.850000000000000000e+03
2.761998000000000000e+06,3.873000000000000000e+03
2.762018000000000000e+06,3.884000000000000000e+03
2.762038000000000000e+06,3.892000000000000000e+03
2.762058000000000000e+06,3.895000000000000000e+03
2.762078000000000000e+06,3.902000000000000000e+03
2.762098000000000000e+06,3.887000000000000000e+03
2.762118000000000000e+06,3.890000000000000000e+03
2.762138000000000000e+06,3.867000000000000000e+03
2.762158000000000000e+06,3.869000000000000000e+03
2.762178000000000000e+06,3.859000000000000000e+03
2.762198000000000000e+06,3.862000000000000000e+03
2.762218000000000000e+06,3.857000000000000000e+03
2.762238000000000000e+06,3.847000000000000000e+03
2.762258000000000000e+06,3.851000000000000000e+03
2.762278000000000000e+06,3.834000000000000000e+03
2.762298000000000000e+06,3.837000000000000000e+03
2.762318000000000000e+06,3.835000000000000000e+03
2.762338000000000000e+06,3.821000000000000000e+03
2.762358000000000000e+06,3.822000000000000000e+03
2.762378000000000000e+06,3.797000000000000000e+03
2.762398000000000000e+06,3.800000000000000000e+03
2.762418000000000000e+06,3.774000000000000000e+03
2.762438000000000000e+06,3.772000000000000000e+03
2.762458000000000000e+06,3.757000000000000000e+03
2.762478000000000000e+06,3.748000000000000000e+03
2.762498000000000000e+06,3.735000000000000000e+03
2.762518000000000000e+06,3.729000000000000000e+03
2.762538000000000000e+06,3.708000000000000000e+03
2.762558000000000000e+06,3.713000000000000000e+03
2.762578000000000000e+06,3.695000000000000000e+03
2.762598000000000000e+06,3.711000000000000000e+03
2.762618000000000000e+06,3.679000000000000000e+03
2.762638000000000000e+06,3.678000000000000000e+03
2.762658000000000000e+06,3.663000000000000000e+03
2.762678000000000000e+06,3.642000000000000000e+03
2.762698000000000000e+06,3.652000000000000000e+03
2.762718000000000000e+06,3.647000000000000000e+03
2.762738000000000000e+06,3.726000000000000000e+03
2.762758000000000000e+06,3.742000000000000000e+03
2.762778000000000000e+06,3.824000000000000000e+03
2.762798000000000000e+06,3.850000000000000000e+03
2.762818000000000000e+06,3.906000000000000000e+03
2.762838000000000000e+06,3.912000000000000000e+03
2.762858000000000000e+06,3.950000000000000000e+03
2.762878000000000000e+06,3.933000000000000000e+03
2.762898000000000000e+06,3.951000000000000000e+03
2.762918000000000000e+06,3.935000000000000000e+03
2.762938000000000000e+06,3.934000000000000000e+03
2.762958000000000000e+06,3.911000000000000000e+03
2.762978000000000000e+06,3.905000000000000000e+03
2.762998000000000000e+06,3.892000000000000000e+03
2.763018000000000000e+06,3.886000000000000000e+03
2.763038000000000000e+06,3.882000000000000000e+03
2.763058000000000000e+06,3.865000000000000000e+03
2.763078000000000000e+06,3.868000000000000000e+03
2.763098000000000000e+06,3.843000000000000000e+03
2.763118000000000000e+06,3.850000000000000000e+03
2.763138000000000000e+06,3.820000000000000000e+03
2.763158000000000000e+06,3.827000000000000000e+03
2.763178000000000000e+06,3.796000000000000000e+03
2.763198000000000000e+06,3.795000000000000000e+03
2.763218000000000000e+06,3.780000000000000000e+03
2.763238000000000000e+06,3.773000000000000000e+03
2.763258000000000000e+06,3.759000000000000000e+03
2.763278000000000000e+06,3.755000000000000000e+03
2.763298000000000000e+06,3.737000000000000000e+03
2.763318000000000000e+06,3.726000000000000000e+03
2.763338000000000000e+06,3.714000000000000000e+03
2.763358000000000000e+06,3.710000000000000000e+03
2.763378000000000000e+06,3.691000000000000000e+03
2.763398000000000000e+06,3.692000000000000000e+03
2.763418000000000000e+06,3.672000000000000000e+03
2.763438000000000000e+06,3.661000000000000000e+03
2.763458000000000000e+06,3.649000000000000000e+03
2.763478000000000000e+06,3.642000000000000000e+03
2.763498000000000000e+06,3.624000000000000000e+03
2.763518000000000000e+06,3.620000000000000000e+03
2.763565000000000000e+06,3.678000000000000000e+03
2.763572000000000000e+06,3.696000000000000000e+03
2.763592000000000000e+06,3.731000000000000000e+03
2.763612000000000000e+06,3.812000000000000000e+03
2.763632000000000000e+06,3.830000000000000000e+03
2.763652000000000000e+06,3.903000000000000000e+03
2.763672000000000000e+06,3.881000000000000000e+03
2.763692000000000000e+06,3.921000000000000000e+03
2.763712000000000000e+06,3.894000000000000000e+03
2.763732000000000000e+06,3.915000000000000000e+03
2.763752000000000000e+06,3.888000000000000000e+03
2.763772000000000000e+06,3.874000000000000000e+03
2.763792000000000000e+06,3.866000000000000000e+03
2.763812000000000000e+06,3.847000000000000000e+03
2.763832000000000000e+06,3.843000000000000000e+03
2.763852000000000000e+06,3.828000000000000000e+03
2.763872000000000000e+06,3.836000000000000000e+03
2.763892000000000000e+06,3.818000000000000000e+03
2.763912000000000000e+06,3.821000000000000000e+03
2.763932000000000000e+06,3.805000000000000000e+03
2.763952000000000000e+06,3.800000000000000000e+03
2.763972000000000000e+06,3.782000000000000000e+03
2.763992000000000000e+06,3.783000000000000000e+03
2.764012000000000000e+06,3.773000000000000000e+03
2.764032000000000000e+06,3.758000000000000000e+03
2.764052000000000000e+06,3.731000000000000000e+03
2.764072000000000000e+06,3.730000000000000000e+03
2.764092000000000000e+06,3.707000000000000000e+03
2.764112000000000000e+06,3.708000000000000000e+03
2.764132000000000000e+06,3.694000000000000000e+03
2.764152000000000000e+06,3.686000000000000000e+03
2.764172000000000000e+06,3.690000000000000000e+03
2.764192000000000000e+06,3.669000000000000000e+03
2.764212000000000000e+06,3.662000000000000000e+03
2.764232000000000000e+06,3.645000000000000000e+03
2.764252000000000000e+06,3.641000000000000000e+03
2.764272000000000000e+06,3.628000000000000000e+03
2.764292000000000000e+06,3.612000000000000000e+03
2.764312000000000000e+06,3.609000000000000000e+03
2.764332000000000000e+06,3.584000000000000000e+03
2.764352000000000000e+06,3.580000000000000000e+03
2.764372000000000000e+06,3.564000000000000000e+03
2.764392000000000000e+06,3.584000000000000000e+03
2.764412000000000000e+06,3.595000000000000000e+03
2.764432000000000000e+06,3.663000000000000000e+03
2.764452000000000000e+06,3.699000000000000000e+03
2.764472000000000000e+06,3.760000000000000000e+03
2.764492000000000000e+06,3.787000000000000000e+03
2.764512000000000000e+06,3.819000000000000000e+03
2.764532000000000000e+06,3.827000000000000000e+03
2.764552000000000000e+06,3.834000000000000000e+03
2.764572000000000000e+06,3.839000000000000000e+03
2.764592000000000000e+06,3.824000000000000000e+03
2.764612000000000000e+06,3.824000000000000000e+03
2.764632000000000000e+06,3.797000000000000000e+03
2.764652000000000000e+06,3.801000000000000000e+03
2.764672000000000000e+06,3.778000000000000000e+03
2.764692000000000000e+06,3.796000000000000000e+03
2.764712000000000000e+06,3.773000000000000000e+03
2.764732000000000000e+06,3.773000000000000000e+03
2.764752000000000000e+06,3.768000000000000000e+03
2.764772000000000000e+06,3.746000000000000000e+03
2.764792000000000000e+06,3.744000000000000000e+03
2.764812000000000000e+06,3.729000000000000000e+03
2.764832000000000000e+06,3.726000000000000000e+03
2.764852000000000000e+06,3.707000000000000000e+03
2.764872000000000000e+06,3.696000000000000000e+03
2.764892000000000000e+06,3.693000000000000000e+03
2.764912000000000000e+06,3.677000000000000000e+03
2.764932000000000000e+06,3.665000000000000000e+03
2.764952000000000000e+06,3.662000000000000000e+03
2.764972000000000000e+06,3.643000000000000000e+03
2.764992000000000000e+06,3.643000000000000000e+03
2.765012000000000000e+06,3.626000000000000000e+03
2.765032000000000000e+06,3.625000000000000000e+03
2.765052000000000000e+06,3.601000000000000000e+03
2.765072000000000000e+06,3.587000000000000000e+03
2.765092000000000000e+06,3.582000000000000000e+03
2.765112000000000000e+06,3.573000000000000000e+03
2.765132000000000000e+06,3.560000000000000000e+03
2.765152000000000000e+06,3.540000000000000000e+03
2.765172000000000000e+06,3.535000000000000000e+03
2.765192000000000000e+06,3.513000000000000000e+03
2.765212000000000000e+06,3.517000000000000000e+03
2.765232000000000000e+06,3.490000000000000000e+03
2.765252000000000000e+06,3.508000000000000000e+03
2.765272000000000000e+06,3.548000000000000000e+03
2.765292000000000000e+06,3.571000000000000000e+03
2.765312000000000000e+06,3.650000000000000000e+03
2.765332000000000000e+06,3.678000000000000000e+03
2.765352000000000000e+06,3.728000000000000000e+03
2.765372000000000000e+06,3.741000000000000000e+03
2.765392000000000000e+06,3.761000000000000000e+03
2.765412000000000000e+06,3.768000000000000000e+03
2.765432000000000000e+06,3.761000000000000000e+03
2.765452000000000000e+06,3.759000000000000000e+03
2.765472000000000000e+06,3.740000000000000000e+03
2.765492000000000000e+06,3.732000000000000000e+03
2.765512000000000000e+06,3.714000000000000000e+03
2.765532000000000000e+06,3.707000000000000000e+03
2.765579000000000000e+06,3.697000000000000000e+03
2.765586000000000000e+06,3.701000000000000000e+03
2.765606000000000000e+06,3.690000000000000000e+03
2.765626000000000000e+06,3.684000000000000000e+03
2.765646000000000000e+06,3.680000000000000000e+03
2.765666000000000000e+06,3.665000000000000000e+03
2.765686000000000000e+06,3.662000000000000000e+03
2.765706000000000000e+06,3.661000000000000000e+03
2.765726000000000000e+06,3.644000000000000000e+03
2.765746000000000000e+06,3.663000000000000000e+03
2.765766000000000000e+06,3.618000000000000000e+03
2.765786000000000000e+06,3.633000000000000000e+03
2.765806000000000000e+06,3.597000000000000000e+03
2.765826000000000000e+06,3.599000000000000000e+03
2.765846000000000000e+06,3.578000000000000000e+03
2.765866000000000000e+06,3.557000000000000000e+03
2.765886000000000000e+06,3.551000000000000000e+03
2.765906000000000000e+06,3.545000000000000000e+03
2.765926000000000000e+06,3.531000000000000000e+03
2.765946000000000000e+06,3.501000000000000000e+03
2.765966000000000000e+06,3.514000000000000000e+03
2.765986000000000000e+06,3.486000000000000000e+03
2.766006000000000000e+06,3.487000000000000000e+03
2.766026000000000000e+06,3.472000000000000000e+03
2.766046000000000000e+06,3.473000000000000000e+03
2.766066000000000000e+06,3.450000000000000000e+03
2.766086000000000000e+06,3.446000000000000000e+03
2.766106000000000000e+06,3.447000000000000000e+03
2.766126000000000000e+06,3.455000000000000000e+03
2.766146000000000000e+06,3.514000000000000000e+03
2.766166000000000000e+06,3.546000000000000000e+03
2.766186000000000000e+06,3.619000000000000000e+03
2.766206000000000000e+06,3.647000000000000000e+03
2.766226000000000000e+06,3.696000000000000000e+03
2.766246000000000000e+06,3.703000000000000000e+03
2.766266000000000000e+06,3.737000000000000000e+03
2.766286000000000000e+06,3.723000000000000000e+03
2.766306000000000000e+06,3.731000000000000000e+03
2.766326000000000000e+06,3.711000000000000000e+03
2.766346000000000000e+06,3.699000000000000000e+03
2.766366000000000000e+06,3.686000000000000000e+03
2.766386000000000000e+06,3.677000000000000000e+03
2.766406000000000000e+06,3.667000000000000000e+03
2.766426000000000000e+06,3.655000000000000000e+03
2.766446000000000000e+06,3.664000000000000000e+03
2.766466000000000000e+06,3.650000000000000000e+03
2.766486000000000000e+06,3.660000000000000000e+03
2.766506000000000000e+06,3.651000000000000000e+03
2.766526000000000000e+06,3.644000000000000000e+03
2.766546000000000000e+06,3.641000000000000000e+03
2.766566000000000000e+06,3.623000000000000000e+03
2.766586000000000000e+06,3.628000000000000000e+03
2.766606000000000000e+06,3.597000000000000000e+03
2.766626000000000000e+06,3.591000000000000000e+03
2.766646000000000000e+06,3.567000000000000000e+03
2.766666000000000000e+06,3.569000000000000000e+03
2.766686000000000000e+06,3.543000000000000000e+03
2.766706000000000000e+06,3.531000000000000000e+03
2.766726000000000000e+06,3.522000000000000000e+03
2.766746000000000000e+06,3.523000000000000000e+03
2.766766000000000000e+06,3.500000000000000000e+03
2.766786000000000000e+06,3.512000000000000000e+03
2.766806000000000000e+06,3.478000000000000000e+03
2.766826000000000000e+06,3.490000000000000000e+03
2.766846000000000000e+06,3.464000000000000000e+03
2.766866000000000000e+06,3.460000000000000000e+03
2.766886000000000000e+06,3.451000000000000000e+03
2.766906000000000000e+06,3.420000000000000000e+03
2.766926000000000000e+06,3.422000000000000000e+03
2.766946000000000000e+06,3.399000000000000000e+03
2.766966000000000000e+06,3.397000000000000000e+03
2.766986000000000000e+06,3.386000000000000000e+03
2.767006000000000000e+06,3.436000000000000000e+03
2.767026000000000000e+06,3.455000000000000000e+03
2.767046000000000000e+06,3.546000000000000000e+03
2.767066000000000000e+06,3.565000000000000000e+03
2.767086000000000000e+06,3.645000000000000000e+03
2.767106000000000000e+06,3.649000000000000000e+03
2.767126000000000000e+06,3.687000000000000000e+03
2.767146000000000000e+06,3.678000000000000000e+03
2.767166000000000000e+06,3.692000000000000000e+03
2.767186000000000000e+06,3.678000000000000000e+03
2.767206000000000000e+06,3.673000000000000000e+03
2.767226000000000000e+06,3.654000000000000000e+03
2.767246000000000000e+06,3.636000000000000000e+03
2.767266000000000000e+06,3.636000000000000000e+03
2.767286000000000000e+06,3.615000000000000000e+03
2.767306000000000000e+06,3.622000000000000000e+03
2.767326000000000000e+06,3.602000000000000000e+03
2.767346000000000000e+06,3.612000000000000000e+03
2.767366000000000000e+06,3.594000000000000000e+03
2.767386000000000000e+06,3.604000000000000000e+03
2.767406000000000000e+06,3.590000000000000000e+03
2.767426000000000000e+06,3.587000000000000000e+03
2.767446000000000000e+06,3.572000000000000000e+03
2.767466000000000000e+06,3.565000000000000000e+03
2.767486000000000000e+06,3.548000000000000000e+03
2.767506000000000000e+06,3.540000000000000000e+03
2.767526000000000000e+06,3.523000000000000000e+03
2.767546000000000000e+06,3.513000000000000000e+03
2.767593000000000000e+06,3.475000000000000000e+03
2.767600000000000000e+06,3.493000000000000000e+03
2.767620000000000000e+06,3.475000000000000000e+03
2.767640000000000000e+06,3.473000000000000000e+03
2.767660000000000000e+06,3.456000000000000000e+03
2.767680000000000000e+06,3.451000000000000000e+03
2.767700000000000000e+06,3.436000000000000000e+03
2.767720000000000000e+06,3.422000000000000000e+03
2.767740000000000000e+06,3.414000000000000000e+03
2.767760000000000000e+06,3.397000000000000000e+03
2.767780000000000000e+06,3.394000000000000000e+03
2.767800000000000000e+06,3.379000000000000000e+03
2.767820000000000000e+06,3.371000000000000000e+03
2.767840000000000000e+06,3.394000000000000000e+03
2.767860000000000000e+06,3.389000000000000000e+03
2.767880000000000000e+06,3.503000000000000000e+03
2.767900000000000000e+06,3.490000000000000000e+03
2.767920000000000000e+06,3.585000000000000000e+03
2.767940000000000000e+06,3.584000000000000000e+03
2.767960000000000000e+06,3.632000000000000000e+03
2.767980000000000000e+06,3.631000000000000000e+03
2.768000000000000000e+06,3.626000000000000000e+03
2.768020000000000000e+06,3.633000000000000000e+03
2.768040000000000000e+06,3.617000000000000000e+03
2.768060000000000000e+06,3.622000000000000000e+03
2.768080000000000000e+06,3.585000000000000000e+03
2.768100000000000000e+06,3.597000000000000000e+03
2.768120000000000000e+06,3.579000000000000000e+03
2.768140000000000000e+06,3.580000000000000000e+03
2.768160000000000000e+06,3.580000000000000000e+03
2.768180000000000000e+06,3.577000000000000000e+03
2.768200000000000000e+06,3.573000000000000000e+03
2.768220000000000000e+06,3.568000000000000000e+03
2.768240000000000000e+06,3.564000000000000000e+03
2.768260000000000000e+06,3.555000000000000000e+03
2.768280000000000000e+06,3.534000000000000000e+03
2.768300000000000000e+06,3.537000000000000000e+03
2.768320000000000000e+06,3.515000000000000000e+03
2.768340000000000000e+06,3.510000000000000000e+03
2.768360000000000000e+06,3.499000000000000000e+03
2.768380000000000000e+06,3.492000000000000000e+03
2.768400000000000000e+06,3.492000000000000000e+03
2.768420000000000000e+06,3.467000000000000000e+03
2.768440000000000000e+06,3.462000000000000000e+03
2.768460000000000000e+06,3.450000000000000000e+03
2.768480000000000000e+06,3.440000000000000000e+03
2.768500000000000000e+06,3.429000000000000000e+03
2.768520000000000000e+06,3.405000000000000000e+03
2.768540000000000000e+06,3.408000000000000000e+03
2.768560000000000000e+06,3.388000000000000000e+03
2.768580000000000000e+06,3.393000000000000000e+03
2.768600000000000000e+06,3.383000000000000000e+03
2.768620000000000000e+06,3.372000000000000000e+03
2.768640000000000000e+06,3.373000000000000000e+03
2.768660000000000000e+06,3.352000000000000000e+03
2.768680000000000000e+06,3.357000000000000000e+03
2.768700000000000000e+06,3.368000000000000000e+03
2.768720000000000000e+06,3.392000000000000000e+03
2.768740000000000000e+06,3.473000000000000000e+03
2.768760000000000000e+06,3.500000000000000000e+03
2.768780000000000000e+06,3.565000000000000000e+03
2.768800000000000000e+06,3.583000000000000000e+03
2.768820000000000000e+06,3.619000000000000000e+03
2.768840000000000000e+06,3.626000000000000000e+03
2.768860000000000000e+06,3.634000000000000000e+03
2.768880000000000000e+06,3.644000000000000000e+03
2.768900000000000000e+06,3.623000000000000000e+03
2.768920000000000000e+06,3.630000000000000000e+03
2.768940000000000000e+06,3.602000000000000000e+03
2.768960000000000000e+06,3.593000000000000000e+03
2.768980000000000000e+06,3.585000000000000000e+03
2.769000000000000000e+06,3.559000000000000000e+03
2.769020000000000000e+06,3.579000000000000000e+03
2.769040000000000000e+06,3.558000000000000000e+03
2.769060000000000000e+06,3.575000000000000000e+03
2.769080000000000000e+06,3.564000000000000000e+03
2.769100000000000000e+06,3.556000000000000000e+03
2.769120000000000000e+06,3.553000000000000000e+03
2.769140000000000000e+06,3.547000000000000000e+03
2.769160000000000000e+06,3.533000000000000000e+03
2.769180000000000000e+06,3.530000000000000000e+03
2.769200000000000000e+06,3.511000000000000000e+03
2.769220000000000000e+06,3.513000000000000000e+03
2.769240000000000000e+06,3.495000000000000000e+03
2.769260000000000000e+06,3.495000000000000000e+03
2.769280000000000000e+06,3.469000000000000000e+03
2.769300000000000000e+06,3.460000000000000000e+03
2.769320000000000000e+06,3.448000000000000000e+03
2.769340000000000000e+06,3.434000000000000000e+03
2.769360000000000000e+06,3.428000000000000000e+03
2.769380000000000000e+06,3.411000000000000000e+03
2.769400000000000000e+06,3.414000000000000000e+03
2.769420000000000000e+06,3.385000000000000000e+03
2.769440000000000000e+06,3.389000000000000000e+03
2.769460000000000000e+06,3.367000000000000000e+03
2.769480000000000000e+06,3.373000000000000000e+03
2.769500000000000000e+06,3.356000000000000000e+03
2.769520000000000000e+06,3.353000000000000000e+03
2.769540000000000000e+06,3.390000000000000000e+03
2.769560000000000000e+06,3.413000000000000000e+03
2.769607000000000000e+06,3.554000000000000000e+03
2.769614000000000000e+06,3.574000000000000000e+03
2.769634000000000000e+06,3.605000000000000000e+03
2.769654000000000000e+06,3.626000000000000000e+03
2.769674000000000000e+06,3.637000000000000000e+03
2.769694000000000000e+06,3.651000000000000000e+03
2.769714000000000000e+06,3.641000000000000000e+03
2.769734000000000000e+06,3.637000000000000000e+03
2.769754000000000000e+06,3.620000000000000000e+03
2.769774000000000000e+06,3.617000000000000000e+03
2.769794000000000000e+06,3.600000000000000000e+03
2.769814000000000000e+06,3.600000000000000000e+03
2.769834000000000000e+06,3.597000000000000000e+03
2.769854000000000000e+06,3.609000000000000000e+03
2.769874000000000000e+06,3.609000000000000000e+03
2.769894000000000000e+06,3.609000000000000000e+03
2.769914000000000000e+06,3.614000000000000000e+03
2.769934000000000000e+06,3.616000000000000000e+03
2.769954000000000000e+06,3.604000000000000000e+03
2.769974000000000000e+06,3.623000000000000000e+03
2.769994000000000000e+06,3.587000000000000000e+03
2.770014000000000000e+06,3.595000000000000000e+03
2.770034000000000000e+06,3.567000000000000000e+03
2.770054000000000000e+06,3.563000000000000000e+03
2.770074000000000000e+06,3.547000000000000000e+03
2.770094000000000000e+06,3.525000000000000000e+03
2.770114000000000000e+06,3.526000000000000000e+03
2.770134000000000000e+06,3.505000000000000000e+03
2.770154000000000000e+06,3.506000000000000000e+03
2.770174000000000000e+06,3.472000000000000000e+03
2.770194000000000000e+06,3.485000000000000000e+03
2.770214000000000000e+06,3.463000000000000000e+03
2.770234000000000000e+06,3.470000000000000000e+03
2.770254000000000000e+06,3.450000000000000000e+03
2.770274000000000000e+06,3.453000000000000000e+03
2.770294000000000000e+06,3.438000000000000000e+03
2.770314000000000000e+06,3.434000000000000000e+03
2.770334000000000000e+06,3.420000000000000000e+03
2.770354000000000000e+06,3.420000000000000000e+03
2.770374000000000000e+06,3.463000000000000000e+03
2.770394000000000000e+06,3.492000000000000000e+03
2.770414000000000000e+06,3.582000000000000000e+03
2.770434000000000000e+06,3.618000000000000000e+03
2.770454000000000000e+06,3.690000000000000000e+03
2.770474000000000000e+06,3.704000000000000000e+03
2.770494000000000000e+06,3.746000000000000000e+03
2.770514000000000000e+06,3.739000000000000000e+03
2.770534000000000000e+06,3.743000000000000000e+03
2.770554000000000000e+06,3.739000000000000000e+03
2.770574000000000000e+06,3.733000000000000000e+03
2.770594000000000000e+06,3.715000000000000000e+03
2.770614000000000000e+06,3.692000000000000000e+03
2.770634000000000000e+06,3.695000000000000000e+03
2.770654000000000000e+06,3.685000000000000000e+03
2.770674000000000000e+06,3.688000000000000000e+03
2.770694000000000000e+06,3.677000000000000000e+03
2.770714000000000000e+06,3.686000000000000000e+03
2.770734000000000000e+06,3.684000000000000000e+03
2.770754000000000000e+06,3.674000000000000000e+03
2.770774000000000000e+06,3.676000000000000000e+03
2.770794000000000000e+06,3.659000000000000000e+03
2.770814000000000000e+06,3.665000000000000000e+03
2.770834000000000000e+06,3.639000000000000000e+03
2.770854000000000000e+06,3.637000000000000000e+03
2.770874000000000000e+06,3.614000000000000000e+03
2.770894000000000000e+06,3.610000000000000000e+03
2.770914000000000000e+06,3.588000000000000000e+03
2.770934000000000000e+06,3.584000000000000000e+03
2.770954000000000000e+06,3.566000000000000000e+03
2.770974000000000000e+06,3.573000000000000000e+03
2.770994000000000000e+06,3.549000000000000000e+03
2.771014000000000000e+06,3.560000000000000000e+03
2.771034000000000000e+06,3.539000000000000000e+03
2.771054000000000000e+06,3.540000000000000000e+03
2.771074000000000000e+06,3.526000000000000000e+03
2.771094000000000000e+06,3.511000000000000000e+03
2.771114000000000000e+06,3.503000000000000000e+03
2.771134000000000000e+06,3.485000000000000000e+03
2.771154000000000000e+06,3.484000000000000000e+03
2.771174000000000000e+06,3.467000000000000000e+03
2.771194000000000000e+06,3.510000000000000000e+03
2.771214000000000000e+06,3.536000000000000000e+03
2.771234000000000000e+06,3.630000000000000000e+03
2.771254000000000000e+06,3.657000000000000000e+03
2.771274000000000000e+06,3.742000000000000000e+03
2.771294000000000000e+06,3.745000000000000000e+03
2.771314000000000000e+06,3.793000000000000000e+03
2.771334000000000000e+06,3.779000000000000000e+03
2.771354000000000000e+06,3.796000000000000000e+03
2.771374000000000000e+06,3.782000000000000000e+03
2.771394000000000000e+06,3.773000000000000000e+03
2.771414000000000000e+06,3.760000000000000000e+03
2.771434000000000000e+06,3.749000000000000000e+03
2.771454000000000000e+06,3.742000000000000000e+03
2.771474000000000000e+06,3.723000000000000000e+03
2.771494000000000000e+06,3.728000000000000000e+03
2.771514000000000000e+06,3.712000000000000000e+03
2.771534000000000000e+06,3.720000000000000000e+03
2.771554000000000000e+06,3.697000000000000000e+03
2.771574000000000000e+06,3.707000000000000000e+03
2.771621000000000000e+06,3.693000000000000000e+03
2.771627000000000000e+06,3.681000000000000000e+03
2.771647000000000000e+06,3.667000000000000000e+03
2.771667000000000000e+06,3.649000000000000000e+03
2.771687000000000000e+06,3.639000000000000000e+03
2.771707000000000000e+06,3.620000000000000000e+03
2.771727000000000000e+06,3.612000000000000000e+03
2.771747000000000000e+06,3.580000000000000000e+03
2.771767000000000000e+06,3.586000000000000000e+03
2.771787000000000000e+06,3.562000000000000000e+03
2.771807000000000000e+06,3.568000000000000000e+03
2.771827000000000000e+06,3.550000000000000000e+03
2.771847000000000000e+06,3.543000000000000000e+03
2.771867000000000000e+06,3.531000000000000000e+03
2.771887000000000000e+06,3.525000000000000000e+03
2.771907000000000000e+06,3.517000000000000000e+03
2.771927000000000000e+06,3.503000000000000000e+03
2.771947000000000000e+06,3.478000000000000000e+03
2.771967000000000000e+06,3.474000000000000000e+03
2.771987000000000000e+06,3.483000000000000000e+03
2.772007000000000000e+06,3.512000000000000000e+03
2.772027000000000000e+06,3.595000000000000000e+03
2.772047000000000000e+06,3.619000000000000000e+03
2.772067000000000000e+06,3.695000000000000000e+03
2.772087000000000000e+06,3.686000000000000000e+03
2.772107000000000000e+06,3.718000000000000000e+03
2.772127000000000000e+06,3.714000000000000000e+03
2.772147000000000000e+06,3.721000000000000000e+03
2.772167000000000000e+06,3.717000000000000000e+03
2.772187000000000000e+06,3.703000000000000000e+03
2.772207000000000000e+06,3.702000000000000000e+03
2.772227000000000000e+06,3.678000000000000000e+03
2.772247000000000000e+06,3.678000000000000000e+03
2.772267000000000000e+06,3.666000000000000000e+03
2.772287000000000000e+06,3.663000000000000000e+03
2.772307000000000000e+06,3.666000000000000000e+03
2.772327000000000000e+06,3.664000000000000000e+03
2.772347000000000000e+06,3.667000000000000000e+03
2.772367000000000000e+06,3.656000000000000000e+03
2.772387000000000000e+06,3.664000000000000000e+03
2.772407000000000000e+06,3.646000000000000000e+03
2.772427000000000000e+06,3.639000000000000000e+03
2.772447000000000000e+06,3.615000000000000000e+03
2.772467000000000000e+06,3.611000000000000000e+03
2.772487000000000000e+06,3.580000000000000000e+03
2.772507000000000000e+06,3.575000000000000000e+03
2.772527000000000000e+06,3.551000000000000000e+03
2.772547000000000000e+06,3.554000000000000000e+03
2.772567000000000000e+06,3.525000000000000000e+03
2.772587000000000000e+06,3.533000000000000000e+03
2.772607000000000000e+06,3.506000000000000000e+03
2.772627000000000000e+06,3.501000000000000000e+03
2.772647000000000000e+06,3.482000000000000000e+03
2.772667000000000000e+06,3.456000000000000000e+03
2.772687000000000000e+06,3.449000000000000000e+03
2.772707000000000000e+06,3.428000000000000000e+03
2.772727000000000000e+06,3.421000000000000000e+03
2.772747000000000000e+06,3.401000000000000000e+03
2.772767000000000000e+06,3.376000000000000000e+03
2.772787000000000000e+06,3.367000000000000000e+03
2.772807000000000000e+06,3.384000000000000000e+03
2.772827000000000000e+06,3.400000000000000000e+03
2.772847000000000000e+06,3.493000000000000000e+03
2.772867000000000000e+06,3.506000000000000000e+03
2.772887000000000000e+06,3.596000000000000000e+03
2.772907000000000000e+06,3.593000000000000000e+03
2.772927000000000000e+06,3.640000000000000000e+03
2.772947000000000000e+06,3.635000000000000000e+03
2.772967000000000000e+06,3.653000000000000000e+03
2.772987000000000000e+06,3.647000000000000000e+03
2.773007000000000000e+06,3.649000000000000000e+03
2.773027000000000000e+06,3.647000000000000000e+03
2.773047000000000000e+06,3.621000000000000000e+03
2.773067000000000000e+06,3.627000000000000000e+03
2.773087000000000000e+06,3.599000000000000000e+03
2.773107000000000000e+06,3.612000000000000000e+03
2.773127000000000000e+06,3.600000000000000000e+03
2.773147000000000000e+06,3.606000000000000000e+03
2.773167000000000000e+06,3.601000000000000000e+03
2.773187000000000000e+06,3.598000000000000000e+03
2.773207000000000000e+06,3.589000000000000000e+03
2.773227000000000000e+06,3.582000000000000000e+03
2.773247000000000000e+06,3.560000000000000000e+03
2.773267000000000000e+06,3.552000000000000000e+03
2.773287000000000000e+06,3.532000000000000000e+03
2.773307000000000000e+06,3.530000000000000000e+03
2.773327000000000000e+06,3.508000000000000000e+03
2.773347000000000000e+06,3.501000000000000000e+03
2.773367000000000000e+06,3.486000000000000000e+03
2.773387000000000000e+06,3.484000000000000000e+03
2.773407000000000000e+06,3.468000000000000000e+03
2.773427000000000000e+06,3.470000000000000000e+03
2.773447000000000000e+06,3.455000000000000000e+03
2.773467000000000000e+06,3.452000000000000000e+03
2.773487000000000000e+06,3.444000000000000000e+03
2.773507000000000000e+06,3.438000000000000000e+03
2.773527000000000000e+06,3.425000000000000000e+03
2.773547000000000000e+06,3.421000000000000000e+03
2.773567000000000000e+06,3.409000000000000000e+03
2.773587000000000000e+06,3.404000000000000000e+03
2.773634000000000000e+06,3.466000000000000000e+03
2.773641000000000000e+06,3.498000000000000000e+03
2.773661000000000000e+06,3.516000000000000000e+03
2.773681000000000000e+06,3.625000000000000000e+03
2.773701000000000000e+06,3.619000000000000000e+03
2.773721000000000000e+06,3.687000000000000000e+03
2.773741000000000000e+06,3.691000000000000000e+03
2.773761000000000000e+06,3.711000000000000000e+03
2.773781000000000000e+06,3.719000000000000000e+03
2.773801000000000000e+06,3.723000000000000000e+03
2.773821000000000000e+06,3.724000000000000000e+03
2.773841000000000000e+06,3.694000000000000000e+03
2.773861000000000000e+06,3.701000000000000000e+03
2.773881000000000000e+06,3.682000000000000000e+03
2.773901000000000000e+06,3.679000000000000000e+03
2.773921000000000000e+06,3.679000000000000000e+03
2.773941000000000000e+06,3.678000000000000000e+03
2.773961000000000000e+06,3.674000000000000000e+03
2.773981000000000000e+06,3.674000000000000000e+03
2.774001000000000000e+06,3.666000000000000000e+03
2.774021000000000000e+06,3.657000000000000000e+03
2.774041000000000000e+06,3.649000000000000000e+03
2.774061000000000000e+06,3.643000000000000000e+03
2.774081000000000000e+06,3.624000000000000000e+03
2.774101000000000000e+06,3.620000000000000000e+03
2.774121000000000000e+06,3.615000000000000000e+03
2.774141000000000000e+06,3.596000000000000000e+03
2.774161000000000000e+06,3.592000000000000000e+03
2.774181000000000000e+06,3.573000000000000000e+03
2.774201000000000000e+06,3.567000000000000000e+03
2.774221000000000000e+06,3.551000000000000000e+03
2.774241000000000000e+06,3.545000000000000000e+03
2.774261000000000000e+06,3.538000000000000000e+03
2.774281000000000000e+06,3.512000000000000000e+03
2.774301000000000000e+06,3.517000000000000000e+03
2.774321000000000000e+06,3.496000000000000000e+03
2.774341000000000000e+06,3.498000000000000000e+03
2.774361000000000000e+06,3.491000000000000000e+03
2.774381000000000000e+06,3.477000000000000000e+03
2.774401000000000000e+06,3.478000000000000000e+03
2.774421000000000000e+06,3.460000000000000000e+03
2.774441000000000000e+06,3.465000000000000000e+03
2.774461000000000000e+06,3.477000000000000000e+03
2.774481000000000000e+06,3.506000000000000000e+03
2.774501000000000000e+06,3.583000000000000000e+03
2.774521000000000000e+06,3.619000000000000000e+03
2.774541000000000000e+06,3.693000000000000000e+03
2.774561000000000000e+06,3.712000000000000000e+03
2.774581000000000000e+06,3.755000000000000000e+03
2.774601000000000000e+06,3.765000000000000000e+03
2.774621000000000000e+06,3.772000000000000000e+03
2.774641000000000000e+06,3.789000000000000000e+03
2.774661000000000000e+06,3.767000000000000000e+03
2.774681000000000000e+06,3.773000000000000000e+03
2.774701000000000000e+06,3.737000000000000000e+03
2.774721000000000000e+06,3.729000000000000000e+03
2.774741000000000000e+06,3.705000000000000000e+03
2.774761000000000000e+06,3.676000000000000000e+03
2.774781000000000000e+06,3.687000000000000000e+03
2.774801000000000000e+06,3.669000000000000000e+03
2.774821000000000000e+06,3.675000000000000000e+03
2.774841000000000000e+06,3.664000000000000000e+03
2.774861000000000000e+06,3.659000000000000000e+03
2.774881000000000000e+06,3.655000000000000000e+03
2.774901000000000000e+06,3.645000000000000000e+03
2.774921000000000000e+06,3.631000000000000000e+03
2.774941000000000000e+06,3.632000000000000000e+03
2.774961000000000000e+06,3.611000000000000000e+03
2.774981000000000000e+06,3.610000000000000000e+03
2.775001000000000000e+06,3.587000000000000000e+03
2.775021000000000000e+06,3.581000000000000000e+03
2.775041000000000000e+06,3.556000000000000000e+03
2.775061000000000000e+06,3.545000000000000000e+03
2.775081000000000000e+06,3.536000000000000000e+03
2.775101000000000000e+06,3.520000000000000000e+03
2.775121000000000000e+06,3.516000000000000000e+03
2.775141000000000000e+06,3.493000000000000000e+03
2.775161000000000000e+06,3.494000000000000000e+03
2.775181000000000000e+06,3.467000000000000000e+03
2.775201000000000000e+06,3.477000000000000000e+03
2.775221000000000000e+06,3.450000000000000000e+03
2.775241000000000000e+06,3.464000000000000000e+03
2.775261000000000000e+06,3.438000000000000000e+03
2.775281000000000000e+06,3.440000000000000000e+03
2.775301000000000000e+06,3.449000000000000000e+03
2.775321000000000000e+06,3.467000000000000000e+03
2.775341000000000000e+06,3.543000000000000000e+03
2.775361000000000000e+06,3.573000000000000000e+03
2.775381000000000000e+06,3.650000000000000000e+03
2.775401000000000000e+06,3.674000000000000000e+03
2.775421000000000000e+06,3.715000000000000000e+03
2.775441000000000000e+06,3.725000000000000000e+03
2.775461000000000000e+06,3.745000000000000000e+03
2.775481000000000000e+06,3.749000000000000000e+03
2.775501000000000000e+06,3.743000000000000000e+03
2.775521000000000000e+06,3.740000000000000000e+03
2.775541000000000000e+06,3.723000000000000000e+03
2.775561000000000000e+06,3.719000000000000000e+03
2.775581000000000000e+06,3.703000000000000000e+03
2.775601000000000000e+06,3.699000000000000000e+03
2.775648000000000000e+06,3.692000000000000000e+03
2.775655000000000000e+06,3.686000000000000000e+03
2.775675000000000000e+06,3.687000000000000000e+03
2.775695000000000000e+06,3.707000000000000000e+03
2.775715000000000000e+06,3.673000000000000000e+03
2.775735000000000000e+06,3.696000000000000000e+03
2.775755000000000000e+06,3.658000000000000000e+03
2.775775000000000000e+06,3.660000000000000000e+03
2.775795000000000000e+06,3.633000000000000000e+03
2.775815000000000000e+06,3.623000000000000000e+03
2.775835000000000000e+06,3.614000000000000000e+03
2.775855000000000000e+06,3.590000000000000000e+03
2.775875000000000000e+06,3.593000000000000000e+03
2.775895000000000000e+06,3.565000000000000000e+03
2.775915000000000000e+06,3.568000000000000000e+03
2.775935000000000000e+06,3.537000000000000000e+03
2.775955000000000000e+06,3.549000000000000000e+03
2.775975000000000000e+06,3.523000000000000000e+03
2.775995000000000000e+06,3.531000000000000000e+03
2.776015000000000000e+06,3.509000000000000000e+03
2.776035000000000000e+06,3.505000000000000000e+03
2.776055000000000000e+06,3.495000000000000000e+03
2.776075000000000000e+06,3.487000000000000000e+03
2.776095000000000000e+06,3.464000000000000000e+03
2.776115000000000000e+06,3.468000000000000000e+03
2.776135000000000000e+06,3.452000000000000000e+03
2.776155000000000000e+06,3.462000000000000000e+03
2.776175000000000000e+06,3.513000000000000000e+03
2.776195000000000000e+06,3.543000000000000000e+03
2.776215000000000000e+06,3.644000000000000000e+03
2.776235000000000000e+06,3.655000000000000000e+03
2.776255000000000000e+06,3.739000000000000000e+03
2.776275000000000000e+06,3.741000000000000000e+03
2.776295000000000000e+06,3.779000000000000000e+03
2.776315000000000000e+06,3.780000000000000000e+03
2.776335000000000000e+06,3.787000000000000000e+03
2.776355000000000000e+06,3.785000000000000000e+03
2.776375000000000000e+06,3.762000000000000000e+03
2.776395000000000000e+06,3.773000000000000000e+03
2.776415000000000000e+06,3.745000000000000000e+03
2.776435000000000000e+06,3.750000000000000000e+03
2.776455000000000000e+06,3.746000000000000000e+03
2.776475000000000000e+06,3.742000000000000000e+03
2.776495000000000000e+06,3.746000000000000000e+03
2.776515000000000000e+06,3.731000000000000000e+03
2.776535000000000000e+06,3.736000000000000000e+03
2.776555000000000000e+06,3.719000000000000000e+03
2.776575000000000000e+06,3.716000000000000000e+03
2.776595000000000000e+06,3.699000000000000000e+03
2.776615000000000000e+06,3.699000000000000000e+03
2.776635000000000000e+06,3.673000000000000000e+03
2.776655000000000000e+06,3.668000000000000000e+03
2.776675000000000000e+06,3.647000000000000000e+03
2.776695000000000000e+06,3.648000000000000000e+03
2.776715000000000000e+06,3.624000000000000000e+03
2.776735000000000000e+06,3.634000000000000000e+03
2.776755000000000000e+06,3.604000000000000000e+03
2.776775000000000000e+06,3.608000000000000000e+03
2.776795000000000000e+06,3.583000000000000000e+03
2.776815000000000000e+06,3.587000000000000000e+03
2.776835000000000000e+06,3.565000000000000000e+03
2.776855000000000000e+06,3.540000000000000000e+03
2.776875000000000000e+06,3.545000000000000000e+03
2.776895000000000000e+06,3.517000000000000000e+03
2.776915000000000000e+06,3.519000000000000000e+03
2.776935000000000000e+06,3.505000000000000000e+03
2.776955000000000000e+06,3.500000000000000000e+03
2.776975000000000000e+06,3.488000000000000000e+03
2.776995000000000000e+06,3.484000000000000000e+03
2.777015000000000000e+06,3.487000000000000000e+03
2.777035000000000000e+06,3.565000000000000000e+03
2.777055000000000000e+06,3.572000000000000000e+03
2.777075000000000000e+06,3.666000000000000000e+03
2.777095000000000000e+06,3.674000000000000000e+03
2.777115000000000000e+06,3.736000000000000000e+03
2.777135000000000000e+06,3.744000000000000000e+03
2.777155000000000000e+06,3.772000000000000000e+03
2.777175000000000000e+06,3.771000000000000000e+03
2.777195000000000000e+06,3.778000000000000000e+03
2.777215000000000000e+06,3.774000000000000000e+03
2.777235000000000000e+06,3.749000000000000000e+03
2.777255000000000000e+06,3.757000000000000000e+03
2.777275000000000000e+06,3.733000000000000000e+03
2.777295000000000000e+06,3.738000000000000000e+03
2.777315000000000000e+06,3.724000000000000000e+03
2.777335000000000000e+06,3.736000000000000000e+03
2.777355000000000000e+06,3.730000000000000000e+03
2.777375000000000000e+06,3.729000000000000000e+03
2.777395000000000000e+06,3.726000000000000000e+03
2.777415000000000000e+06,3.722000000000000000e+03
2.777435000000000000e+06,3.712000000000000000e+03
2.777455000000000000e+06,3.709000000000000000e+03
2.777475000000000000e+06,3.696000000000000000e+03
2.777495000000000000e+06,3.689000000000000000e+03
2.777515000000000000e+06,3.672000000000000000e+03
2.777535000000000000e+06,3.666000000000000000e+03
2.777555000000000000e+06,3.648000000000000000e+03
2.777575000000000000e+06,3.644000000000000000e+03
2.777595000000000000e+06,3.627000000000000000e+03
2.777615000000000000e+06,3.623000000000000000e+03
2.777662000000000000e+06,3.596000000000000000e+03
2.777669000000000000e+06,3.586000000000000000e+03
2.777689000000000000e+06,3.587000000000000000e+03
2.777709000000000000e+06,3.570000000000000000e+03
2.777729000000000000e+06,3.571000000000000000e+03
2.777749000000000000e+06,3.563000000000000000e+03
2.777769000000000000e+06,3.551000000000000000e+03
2.777789000000000000e+06,3.561000000000000000e+03
2.777809000000000000e+06,3.532000000000000000e+03
2.777829000000000000e+06,3.553000000000000000e+03
2.777849000000000000e+06,3.521000000000000000e+03
2.777869000000000000e+06,3.595000000000000000e+03
2.777889000000000000e+06,3.594000000000000000e+03
2.777909000000000000e+06,3.687000000000000000e+03
2.777929000000000000e+06,3.701000000000000000e+03
2.777949000000000000e+06,3.764000000000000000e+03
2.777969000000000000e+06,3.787000000000000000e+03
2.777989000000000000e+06,3.805000000000000000e+03
2.778009000000000000e+06,3.828000000000000000e+03
2.778029000000000000e+06,3.821000000000000000e+03
2.778049000000000000e+06,3.835000000000000000e+03
2.778069000000000000e+06,3.817000000000000000e+03
2.778089000000000000e+06,3.825000000000000000e+03
2.778109000000000000e+06,3.811000000000000000e+03
2.778129000000000000e+06,3.803000000000000000e+03
2.778149000000000000e+06,3.806000000000000000e+03
2.778169000000000000e+06,3.800000000000000000e+03
2.778189000000000000e+06,3.798000000000000000e+03
2.778209000000000000e+06,3.802000000000000000e+03
2.778229000000000000e+06,3.796000000000000000e+03
2.778249000000000000e+06,3.795000000000000000e+03
2.778269000000000000e+06,3.780000000000000000e+03
2.778289000000000000e+06,3.782000000000000000e+03
2.778309000000000000e+06,3.780000000000000000e+03
2.778329000000000000e+06,3.762000000000000000e+03
2.778349000000000000e+06,3.766000000000000000e+03
2.778369000000000000e+06,3.745000000000000000e+03
2.778389000000000000e+06,3.734000000000000000e+03
2.778409000000000000e+06,3.722000000000000000e+03
2.778429000000000000e+06,3.715000000000000000e+03
2.778449000000000000e+06,3.704000000000000000e+03
2.778469000000000000e+06,3.680000000000000000e+03
2.778489000000000000e+06,3.684000000000000000e+03
2.778509000000000000e+06,3.661000000000000000e+03
2.778529000000000000e+06,3.665000000000000000e+03
2.778549000000000000e+06,3.662000000000000000e+03
2.778569000000000000e+06,3.646000000000000000e+03
2.778589000000000000e+06,3.649000000000000000e+03
2.778609000000000000e+06,3.627000000000000000e+03
2.778629000000000000e+06,3.627000000000000000e+03
2.778649000000000000e+06,3.607000000000000000e+03
2.778669000000000000e+06,3.606000000000000000e+03
2.778689000000000000e+06,3.591000000000000000e+03
2.778709000000000000e+06,3.597000000000000000e+03
2.778729000000000000e+06,3.644000000000000000e+03
2.778749000000000000e+06,3.666000000000000000e+03
2.778769000000000000e+06,3.761000000000000000e+03
2.778789000000000000e+06,3.795000000000000000e+03
2.778809000000000000e+06,3.860000000000000000e+03
2.778829000000000000e+06,3.889000000000000000e+03
2.778849000000000000e+06,3.913000000000000000e+03
2.778869000000000000e+06,3.939000000000000000e+03
2.778889000000000000e+06,3.938000000000000000e+03
2.778909000000000000e+06,3.935000000000000000e+03
2.778929000000000000e+06,3.925000000000000000e+03
2.778949000000000000e+06,3.901000000000000000e+03
2.778969000000000000e+06,3.903000000000000000e+03
2.778989000000000000e+06,3.877000000000000000e+03
2.779009000000000000e+06,3.882000000000000000e+03
2.779029000000000000e+06,3.871000000000000000e+03
2.779049000000000000e+06,3.878000000000000000e+03
2.779069000000000000e+06,3.872000000000000000e+03
2.779089000000000000e+06,3.870000000000000000e+03
2.779109000000000000e+06,3.864000000000000000e+03
2.779129000000000000e+06,3.855000000000000000e+03
2.779149000000000000e+06,3.837000000000000000e+03
2.779169000000000000e+06,3.832000000000000000e+03
2.779189000000000000e+06,3.808000000000000000e+03
2.779209000000000000e+06,3.803000000000000000e+03
2.779229000000000000e+06,3.788000000000000000e+03
2.779249000000000000e+06,3.775000000000000000e+03
2.779269000000000000e+06,3.761000000000000000e+03
2.779289000000000000e+06,3.750000000000000000e+03
2.779309000000000000e+06,3.741000000000000000e+03
2.779329000000000000e+06,3.717000000000000000e+03
2.779349000000000000e+06,3.722000000000000000e+03
2.779369000000000000e+06,3.688000000000000000e+03
2.779389000000000000e+06,3.696000000000000000e+03
2.779409000000000000e+06,3.676000000000000000e+03
2.779429000000000000e+06,3.681000000000000000e+03
2.779449000000000000e+06,3.656000000000000000e+03
2.779469000000000000e+06,3.649000000000000000e+03
2.779489000000000000e+06,3.635000000000000000e+03
2.779509000000000000e+06,3.628000000000000000e+03
2.779529000000000000e+06,3.610000000000000000e+03
2.779549000000000000e+06,3.607000000000000000e+03
2.779569000000000000e+06,3.628000000000000000e+03
2.779589000000000000e+06,3.651000000000000000e+03
2.779609000000000000e+06,3.740000000000000000e+03
2.779629000000000000e+06,3.766000000000000000e+03
2.779676000000000000e+06,3.898000000000000000e+03
2.779683000000000000e+06,3.922000000000000000e+03
2.779703000000000000e+06,3.917000000000000000e+03
2.779723000000000000e+06,3.943000000000000000e+03
2.779743000000000000e+06,3.929000000000000000e+03
2.779763000000000000e+06,3.923000000000000000e+03
2.779783000000000000e+06,3.916000000000000000e+03
2.779803000000000000e+06,3.894000000000000000e+03
2.779823000000000000e+06,3.889000000000000000e+03
2.779843000000000000e+06,3.875000000000000000e+03
2.779863000000000000e+06,3.878000000000000000e+03
2.779883000000000000e+06,3.888000000000000000e+03
2.779903000000000000e+06,3.872000000000000000e+03
2.779923000000000000e+06,3.905000000000000000e+03
2.779943000000000000e+06,3.870000000000000000e+03
2.779963000000000000e+06,3.882000000000000000e+03
2.779983000000000000e+06,3.856000000000000000e+03
2.780003000000000000e+06,3.864000000000000000e+03
2.780023000000000000e+06,3.836000000000000000e+03
2.780043000000000000e+06,3.814000000000000000e+03
2.780063000000000000e+06,3.815000000000000000e+03
2.780083000000000000e+06,3.791000000000000000e+03
2.780103000000000000e+06,3.790000000000000000e+03
2.780123000000000000e+06,3.762000000000000000e+03
2.780143000000000000e+06,3.772000000000000000e+03
2.780163000000000000e+06,3.753000000000000000e+03
2.780183000000000000e+06,3.757000000000000000e+03
2.780203000000000000e+06,3.744000000000000000e+03
2.780223000000000000e+06,3.736000000000000000e+03
2.780243000000000000e+06,3.726000000000000000e+03
2.780263000000000000e+06,3.716000000000000000e+03
2.780283000000000000e+06,3.700000000000000000e+03
2.780303000000000000e+06,3.697000000000000000e+03
2.780323000000000000e+06,3.681000000000000000e+03
2.780343000000000000e+06,3.677000000000000000e+03
2.780363000000000000e+06,3.656000000000000000e+03
2.780383000000000000e+06,3.649000000000000000e+03
2.780403000000000000e+06,3.648000000000000000e+03
2.780423000000000000e+06,3.658000000000000000e+03
2.780443000000000000e+06,3.739000000000000000e+03
2.780463000000000000e+06,3.754000000000000000e+03
2.780483000000000000e+06,3.856000000000000000e+03
2.780503000000000000e+06,3.874000000000000000e+03
2.780523000000000000e+06,3.946000000000000000e+03
2.780543000000000000e+06,3.953000000000000000e+03
2.780563000000000000e+06,3.971000000000000000e+03
2.780583000000000000e+06,3.982000000000000000e+03
2.780603000000000000e+06,3.978000000000000000e+03
2.780623000000000000e+06,3.977000000000000000e+03
2.780643000000000000e+06,3.980000000000000000e+03
2.780663000000000000e+06,3.958000000000000000e+03
2.780683000000000000e+06,3.954000000000000000e+03
2.780703000000000000e+06,3.935000000000000000e+03
2.780723000000000000e+06,3.934000000000000000e+03
2.780743000000000000e+06,3.919000000000000000e+03
2.780763000000000000e+06,3.927000000000000000e+03
2.780783000000000000e+06,3.914000000000000000e+03
2.780803000000000000e+06,3.919000000000000000e+03
2.780823000000000000e+06,3.908000000000000000e+03
2.780843000000000000e+06,3.904000000000000000e+03
2.780863000000000000e+06,3.886000000000000000e+03
2.780883000000000000e+06,3.886000000000000000e+03
2.780903000000000000e+06,3.859000000000000000e+03
2.780923000000000000e+06,3.863000000000000000e+03
2.780943000000000000e+06,3.834000000000000000e+03
2.780963000000000000e+06,3.846000000000000000e+03
2.780983000000000000e+06,3.809000000000000000e+03
2.781003000000000000e+06,3.804000000000000000e+03
2.781023000000000000e+06,3.782000000000000000e+03
2.781043000000000000e+06,3.759000000000000000e+03
2.781063000000000000e+06,3.754000000000000000e+03
2.781083000000000000e+06,3.730000000000000000e+03
2.781103000000000000e+06,3.725000000000000000e+03
2.781123000000000000e+06,3.708000000000000000e+03
2.781143000000000000e+06,3.702000000000000000e+03
2.781163000000000000e+06,3.692000000000000000e+03
2.781183000000000000e+06,3.682000000000000000e+03
2.781203000000000000e+06,3.672000000000000000e+03
2.781223000000000000e+06,3.673000000000000000e+03
2.781243000000000000e+06,3.649000000000000000e+03
2.781263000000000000e+06,3.644000000000000000e+03
2.781283000000000000e+06,3.637000000000000000e+03
2.781303000000000000e+06,3.718000000000000000e+03
2.781323000000000000e+06,3.738000000000000000e+03
